2	1	2,272	102,4928
12	1	0,7918	100,1235
22	1	0,6516	102,0279
32	1	0,6129	101,9216
42	1	0,4296	102,4707
52	1	0,4127	98,899
62	1	0,4112	99,4008
72	1	0,2247	101,5618
82	1	0,2208	99,1058
92	1	0,2169	100,4831
102	1	0,2131	100,1078
112	1	0,2208	100,8693
122	1	0,2253	99,4781
132	1	0,1542	100,214
142	1	0,147	102,4089
152	1	0,1479	102,2283
162	1	0,1473	100,8257
172	1	0,1467	101,2295
182	1	0,1435	98,3477
192	1	0,1397	100,6469
202	1	0,1119	97,6921
212	1	0,1106	98,8231
222	1	0,1087	98,2934
232	1	0,1072	101,6266
242	1	0,1056	98,3877
252	1	0,1043	99,6
262	1	0,0953	98,2437
272	1	0,0947	98,1379
282	1	0,0939	102,5872
292	1	0,0922	98,6795
302	1	0,0882	100,1505
312	1	0,0855	101,7784
322	1	0,0824	100,6419
332	1	0,0789	99,0568
342	1	0,0766	100,7624
352	1	0,0744	100,1934
362	1	0,0724	100,0384
372	1	0,0705	102,4331
382	1	0,0691	99,0299
392	1	0,0673	101,4223
402	1	0,0653	100,1979
412	1	0,0639	101,4125
422	1	0,0625	99,5619
432	1	0,0608	102,0177
442	1	0,0597	98,9753
452	1	0,0587	99,3192
462	1	0,0569	101,5948
472	1	0,0558	102,1495
482	1	0,0545	97,9024
492	1	0,0536	102,2997
502	1	0,0527	100,8472
2	11	0,7172	98,1082
12	11	0,1779	98,5687
22	11	0,1076	100,8891
32	11	0,0731	102,0065
42	11	0,0555	99,2914
52	11	0,0469	97,8601
62	11	0,0392	97,6335
72	11	0,0334	99,8178
82	11	0,0293	97,8416
92	11	0,0261	98,7151
102	11	0,0237	102,3745
112	11	0,0215	102,0309
122	11	0,0199	101,7735
132	11	0,0185	98,8505
142	11	0,0172	100,215
152	11	0,016	99,391
162	11	0,015	101,3151
172	11	0,0141	100,0763
182	11	0,0133	100,8523
192	11	0,0133	100,17
202	11	0,012	97,7078
212	11	0,0114	99,6992
222	11	0,011	102,1695
232	11	0,0105	102,1641
242	11	0,0101	101,1147
252	11	0,0097	98,9308
262	11	0,0093	101,202
272	11	0,009	100,7086
282	11	0,0086	99,2785
292	11	0,0083	100,9473
302	11	0,0083	98,3392
312	11	0,0093	99,7083
322	11	0,0078	101,9074
332	11	0,0074	101,6531
342	11	0,0071	99,1586
352	11	0,0069	98,6515
362	11	0,0067	101,9736
372	11	0,0066	99,2582
382	11	0,0064	100,9392
392	11	0,0062	102,2881
402	11	0,0061	100,4489
412	11	0,0059	100,7928
422	11	0,0058	101,7998
432	11	0,0068	99,7039
442	11	0,0061	102,1257
452	11	0,0057	99,4977
462	11	0,0055	101,5803
472	11	0,0063	100,9268
482	11	0,0058	102,0606
492	11	0,0056	99,918
502	11	0,0055	99,0463
2	21	0,4672	102,3593
12	21	0,1083	102,1585
22	21	0,0575	98,2783
32	21	0,04	101,9354
42	21	0,0304	100,7292
52	21	0,0242	99,6802
62	21	0,0204	100,6155
72	21	0,0175	98,9211
82	21	0,0158	101,4439
92	21	0,0139	99,0499
102	21	0,0126	99,7466
112	21	0,0114	98,6409
122	21	0,0104	98,4473
132	21	0,0096	98,8901
142	21	0,0089	100,2904
152	21	0,0084	99,5905
162	21	0,008	98,3554
172	21	0,0074	102,041
182	21	0,007	98,0229
192	21	0,007	98,1367
202	21	0,0063	99,9833
212	21	0,0061	101,3078
222	21	0,0058	102,4295
232	21	0,0055	102,1808
242	21	0,0058	100,9282
252	21	0,0062	99,4217
262	21	0,0058	101,2543
272	21	0,0053	99,3486
282	21	0,0053	98,9763
292	21	0,0055	98,6666
302	21	0,0053	100,4271
312	21	0,0051	98,7271
322	21	0,005	98,2667
332	21	0,0048	101,1657
342	21	0,0047	98,132
352	21	0,0046	101,4715
362	21	0,0045	98,3248
372	21	0,0043	101,2291
382	21	0,0041	97,8766
392	21	0,004	102,2549
402	21	0,0039	97,7665
412	21	0,0039	100,1117
422	21	0,0037	98,3848
432	21	0,0037	98,7039
442	21	0,0036	101,4925
452	21	0,0035	101,1665
462	21	0,0035	100,7863
472	21	0,0033	102,3403
482	21	0,0033	100,7002
492	21	0,0032	101,3021
502	21	0,0031	98,4071
2	31	0,4397	98,2479
12	31	0,0734	100,1406
22	31	0,0396	97,9183
32	31	0,0271	97,8699
42	31	0,0204	98,5397
52	31	0,0164	99,821
62	31	0,0139	101,6099
72	31	0,0119	100,3777
82	31	0,0107	101,2875
92	31	0,0095	97,7681
102	31	0,0084	98,2967
112	31	0,0077	102,5071
122	31	0,0071	98,5281
132	31	0,0065	101,9562
142	31	0,0062	98,1331
152	31	0,0058	102,4945
162	31	0,0055	97,7754
172	31	0,0051	101,859
182	31	0,006	97,8672
192	31	0,0056	97,526
202	31	0,0052	102,1199
212	31	0,0049	100,4739
222	31	0,0049	98,4065
232	31	0,0046	98,3201
242	31	0,0044	99,4628
252	31	0,0043	102,0692
262	31	0,0042	101,602
272	31	0,004	99,2994
282	31	0,0039	100,2658
292	31	0,0038	100,4006
302	31	0,0036	99,7665
312	31	0,0036	100,9405
322	31	0,0035	98,0015
332	31	0,0033	100,1572
342	31	0,0032	101,2891
352	31	0,0031	99,0245
362	31	0,003	102,464
372	31	0,003	100,3879
382	31	0,0029	101,8908
392	31	0,0028	101,2417
402	31	0,0027	100,6477
412	31	0,0027	97,6797
422	31	0,0026	101,2415
432	31	0,0025	101,6685
442	31	0,0025	102,1295
452	31	0,0025	101,8684
462	31	0,0024	101,6573
472	31	0,0023	102,3993
482	31	0,0023	101,2213
492	31	0,0023	102,0192
502	31	0,0022	102,7126
2	41	0,2946	100,8898
12	41	0,0558	100,0159
22	41	0,0296	98,3402
32	41	0,0204	101,6655
42	41	0,0155	101,9574
52	41	0,0124	97,8954
62	41	0,0104	100,7581
72	41	0,0091	98,7483
82	41	0,0081	100,6542
92	41	0,0072	98,6521
102	41	0,0064	101,0088
112	41	0,0058	99,0908
122	41	0,0065	99,1495
132	41	0,0056	98,6625
142	41	0,0054	97,8761
152	41	0,0053	100,6699
162	41	0,0049	98,6229
172	41	0,0046	100,7604
182	41	0,0044	100,0575
192	41	0,0045	102,361
202	41	0,004	98,9041
212	41	0,0039	100,2346
222	41	0,0036	101,0995
232	41	0,0035	98,0698
242	41	0,0034	99,8606
252	41	0,0032	100,4661
262	41	0,0031	102,225
272	41	0,003	99,7576
282	41	0,003	99,1847
292	41	0,0029	101,7407
302	41	0,0027	99,6752
312	41	0,0026	97,5187
322	41	0,0025	99,2272
332	41	0,0025	100,4944
342	41	0,0024	101,6684
352	41	0,0024	98,6718
362	41	0,0023	100,8792
372	41	0,0022	99,917
382	41	0,0022	99,9118
392	41	0,0021	99,0269
402	41	0,0021	101,0621
412	41	0,0021	98,4148
422	41	0,002	100,6109
432	41	0,0019	97,7062
442	41	0,0019	99,5717
452	41	0,0018	100,9819
462	41	0,0019	100,8718
472	41	0,0018	100,6898
482	41	0,0018	99,2373
492	41	0,0017	98,4248
502	41	0,0017	100,7992
2	51	0,2532	100,6804
12	51	0,0444	101,1777
22	51	0,0237	99,1583
32	51	0,0164	101,2145
42	51	0,0125	98,5211
52	51	0,01	102,1134
62	51	0,0084	100,9315
72	51	0,0075	100,7725
82	51	0,0065	98,7932
92	51	0,0069	100,1677
102	51	0,0057	97,9435
112	51	0,0053	98,8078
122	51	0,0053	101,8919
132	51	0,0049	100,9357
142	51	0,0047	97,973
152	51	0,0043	98,0604
162	51	0,004	99,3118
172	51	0,0038	100,3867
182	51	0,0037	100,4696
192	51	0,0036	100,8363
202	51	0,0033	98,9471
212	51	0,0032	101,382
222	51	0,003	98,9448
232	51	0,0029	99,1509
242	51	0,0027	98,4514
252	51	0,0026	102,4245
262	51	0,0025	97,5204
272	51	0,0025	101,6394
282	51	0,0024	99,1597
292	51	0,0023	98,4432
302	51	0,0022	99,6846
312	51	0,0021	102,2951
322	51	0,0021	102,097
332	51	0,002	101,326
342	51	0,002	100,997
352	51	0,002	98,1076
362	51	0,0019	100,9308
372	51	0,0018	99,421
382	51	0,0018	101,3728
392	51	0,0018	102,2167
402	51	0,0017	102,0827
412	51	0,0017	101,8116
422	51	0,0016	98,5193
432	51	0,0016	101,4696
442	51	0,0016	100,2415
452	51	0,0015	98,9879
462	51	0,0015	102,0265
472	51	0,0015	102,0495
482	51	0,0015	101,8714
492	51	0,0014	99,9921
502	51	0,0014	100,6093
2	61	0,2283	98,3505
12	61	0,0367	98,8897
22	61	0,0201	101,8367
32	61	0,0137	99,9728
42	61	0,0108	99,8267
52	61	0,0084	101,7536
62	61	0,0086	99,9864
72	61	0,0065	98,9607
82	61	0,0054	98,4069
92	61	0,0048	100,9262
102	61	0,0052	101,1428
112	61	0,0048	98,1997
122	61	0,0044	100,5201
132	61	0,0041	99,966
142	61	0,0039	101,6948
152	61	0,0038	101,1244
162	61	0,0034	98,3943
172	61	0,0033	98,6129
182	61	0,0031	99,9956
192	61	0,003	98,109
202	61	0,0027	98,1939
212	61	0,0027	99,3048
222	61	0,0026	99,1265
232	61	0,0025	102,1614
242	61	0,0024	102,0443
252	61	0,0023	100,6122
262	61	0,0022	101,6861
272	61	0,0021	101,593
282	61	0,002	99,9824
292	61	0,002	99,1768
302	61	0,0019	99,4735
312	61	0,0019	100,7958
322	61	0,0018	100,5457
332	61	0,0017	98,7962
342	61	0,0017	98,2578
352	61	0,0017	97,8643
362	61	0,0016	98,0408
372	61	0,0016	100,7375
382	61	0,0015	99,3195
392	61	0,0015	98,9428
402	61	0,0015	99,1583
412	61	0,0014	97,9571
422	61	0,0014	99,638
432	61	0,0014	102,1733
442	61	0,0013	100,4193
452	61	0,0013	98,8286
462	61	0,0013	100,7953
472	61	0,0013	101,3102
482	61	0,0012	99,9383
492	61	0,0012	98,2876
502	61	0,0012	102,115
2	71	0,2	100,6611
12	71	0,0331	100,107
22	71	0,018	98,5516
32	71	0,0124	100,2975
42	71	0,0095	99,6387
52	71	0,0077	101,6564
62	71	0,0064	99,4775
72	71	0,0056	98,7276
82	71	0,006	99,1352
92	71	0,0051	101,1516
102	71	0,0046	100,6974
112	71	0,0044	102,428
122	71	0,004	99,1949
132	71	0,0037	101,9915
142	71	0,0035	98,1837
152	71	0,0033	99,557
162	71	0,0031	97,5299
172	71	0,0029	101,4188
182	71	0,0028	101,3746
192	71	0,0026	98,9709
202	71	0,0025	98,0756
212	71	0,0023	101,8302
222	71	0,0022	101,1071
232	71	0,0021	97,7479
242	71	0,0021	99,7475
252	71	0,002	102,4339
262	71	0,0019	101,0418
272	71	0,0018	98,5562
282	71	0,0018	99,8712
292	71	0,0017	101,8277
302	71	0,0017	97,9712
312	71	0,0016	97,9994
322	71	0,0016	99,416
332	71	0,0015	99,0103
342	71	0,0015	100,7875
352	71	0,0015	101,5464
362	71	0,0014	98,1599
372	71	0,0014	97,7589
382	71	0,0014	97,7684
392	71	0,0013	99,7899
402	71	0,0013	101,4053
412	71	0,0013	100,9612
422	71	0,0012	99,714
432	71	0,0012	98,0968
442	71	0,0012	100,4492
452	71	0,0012	100,3941
462	71	0,0011	100,1501
472	71	0,0011	100,4761
482	71	0,0011	99,3107
492	71	0,0011	99,0225
502	71	0,0011	102,1196
2	81	0,1756	99,9108
12	81	0,0279	98,3642
22	81	0,0151	100,56
32	81	0,011	100,1369
42	81	0,0079	100,6014
52	81	0,0064	100,4863
62	81	0,0053	98,6743
72	81	0,006	101,654
82	81	0,005	97,855
92	81	0,0045	97,9984
102	81	0,0042	102,1228
112	81	0,0038	98,3517
122	81	0,0035	99,912
132	81	0,0033	98,6306
142	81	0,0031	101,6369
152	81	0,0029	98,9568
162	81	0,0027	99,2886
172	81	0,0026	101,8934
182	81	0,0024	99,2236
192	81	0,0023	101,5772
202	81	0,0022	100,7981
212	81	0,0021	97,6836
222	81	0,002	98,7892
232	81	0,0019	101,3928
242	81	0,0018	100,6318
252	81	0,0018	101,6827
262	81	0,0017	99,0424
272	81	0,0016	98,6066
282	81	0,0016	98,4916
292	81	0,0015	100,5635
302	81	0,0015	98,0501
312	81	0,0014	100,8744
322	81	0,0014	101,4124
332	81	0,0014	101,0983
342	81	0,0013	98,5031
352	81	0,0013	99,5072
362	81	0,0013	99,0795
372	81	0,0012	99,6712
382	81	0,0012	98,6562
392	81	0,0012	99,4298
402	81	0,0011	100,1651
412	81	0,0011	98,2747
422	81	0,0011	100,2781
432	81	0,0011	97,574
442	81	0,0011	99,4021
452	81	0,001	99,4118
462	81	0,001	99,028
472	81	0,001	101,188
482	81	0,001	98,8032
492	81	0,001	100,7489
502	81	0,0009	100,417
2	91	0,155	102,1232
12	91	0,0252	100,9438
22	91	0,0138	101,5582
32	91	0,0092	100,9963
42	91	0,0073	99,0656
52	91	0,0058	100,734
62	91	0,005	97,5344
72	91	0,0044	100,1697
82	91	0,0047	101,7242
92	91	0,0042	100,5958
102	91	0,0038	100,7164
112	91	0,0034	100,0962
122	91	0,0032	99,5064
132	91	0,0029	99,3135
142	91	0,0027	101,0966
152	91	0,0026	101,5114
162	91	0,0024	100,8913
172	91	0,0023	98,2666
182	91	0,0022	97,6666
192	91	0,0021	97,8197
202	91	0,0019	100,9308
212	91	0,0018	98,4399
222	91	0,0018	100,5967
232	91	0,0017	101,0036
242	91	0,0016	100,3406
252	91	0,0016	97,5071
262	91	0,0015	97,53
272	91	0,0015	99,0276
282	91	0,0014	98,8093
292	91	0,0014	100,7783
302	91	0,0013	101,7893
312	91	0,0013	98,4071
322	91	0,0013	99,208
332	91	0,0012	100,8382
342	91	0,0012	101,8962
352	91	0,0012	100,7681
362	91	0,0011	99,0672
372	91	0,0011	101,9261
382	91	0,0011	98,4324
392	91	0,0011	98,2867
402	91	0,001	100,018
412	91	0,001	101,646
422	91	0,001	100,879
432	91	0,001	102,0219
442	91	0,0009	98,4565
452	91	0,0009	99,4735
462	91	0,0009	101,0309
472	91	0,0009	101,8459
482	91	0,0009	100,2379
492	91	0,0009	101,1959
502	91	0,0009	102,3029
2	101	0,1409	98,6889
12	101	0,0233	102,1457
22	101	0,0127	100,2658
32	101	0,0088	102,1737
42	101	0,0067	99,9774
52	101	0,0054	100,2676
62	101	0,0046	102,2008
72	101	0,0048	101,5022
82	101	0,0042	101,5747
92	101	0,0037	100,4754
102	101	0,0034	100,7891
112	101	0,0031	102,4788
122	101	0,0028	102,1816
132	101	0,0026	99,1252
142	101	0,0025	101,8743
152	101	0,0023	100,4482
162	101	0,0022	100,6911
172	101	0,0021	101,2989
182	101	0,0019	101,3789
192	101	0,0019	101,4768
202	101	0,0018	98,8156
212	101	0,0017	100,5236
222	101	0,0016	99,8543
232	101	0,0015	98,3363
242	101	0,0015	101,4784
252	101	0,0014	101,8264
262	101	0,0014	101,8663
272	101	0,0013	100,8233
282	101	0,0013	99,5637
292	101	0,0013	100,5612
302	101	0,0012	100,4852
312	101	0,0012	100,7291
322	101	0,0011	100,1941
332	101	0,0011	98,2428
342	101	0,0011	100,3961
352	101	0,0011	97,6658
362	101	0,001	101,006
372	101	0,001	100,092
382	101	0,001	101,664
392	101	0,001	100,0759
402	101	0,0009	98,0641
412	101	0,0009	99,95
422	101	0,0009	100,0529
432	101	0,0009	97,7434
442	101	0,0009	101,5729
452	101	0,0009	99,4242
462	101	0,0009	100,6888
472	101	0,0008	99,7614
482	101	0,0008	98,2207
492	101	0,0008	99,5662
502	101	0,0008	98,8649
2	111	0,1297	99,555
12	111	0,0212	97,5989
22	111	0,0116	101,096
32	111	0,008	100,3751
42	111	0,0061	101,5699
52	111	0,0049	100,4171
62	111	0,0041	99,7381
72	111	0,0044	99,8906
82	111	0,0038	102,4794
92	111	0,0034	97,7967
102	111	0,0031	97,8741
112	111	0,0028	100,7066
122	111	0,0026	100,4884
132	111	0,0024	98,6153
142	111	0,0023	98,601
152	111	0,0021	100,653
162	111	0,002	102,1199
172	111	0,0019	101,1918
182	111	0,0018	99,816
192	111	0,0017	99,6944
202	111	0,0016	101,7545
212	111	0,0015	102,2645
222	111	0,0015	102,2464
232	111	0,0014	101,9964
242	111	0,0014	101,3363
252	111	0,0013	99,1691
262	111	0,0013	100,1852
272	111	0,0012	98,5969
282	111	0,0012	99,889
292	111	0,0012	102,2501
302	111	0,0011	99,8319
312	111	0,0011	101,9231
322	111	0,0011	102,337
332	111	0,001	98,4198
342	111	0,001	99,7912
352	111	0,001	101,402
362	111	0,001	101,3329
372	111	0,0009	102,0249
382	111	0,0009	98,7888
392	111	0,0009	101,3089
402	111	0,0009	102,3189
412	111	0,0009	99,1601
422	111	0,0009	99,5127
432	111	0,0008	100,3048
442	111	0,0008	100,2728
452	111	0,0008	100,6118
462	111	0,0008	98,4559
472	111	0,0008	99,8906
482	111	0,0008	99,3013
492	111	0,0008	100,7697
502	111	0,0007	102,2014
2	121	0,1184	98,5731
12	121	0,0196	100,5437
22	121	0,0107	101,836
32	121	0,009	98,0558
42	121	0,0069	99,3731
52	121	0,0053	98,4997
62	121	0,0047	100,737
72	121	0,004	100,4665
82	121	0,0035	100,8862
92	121	0,0032	100,4849
102	121	0,0029	97,7969
112	121	0,0026	100,3064
122	121	0,0024	100,3202
132	121	0,0022	98,7152
142	121	0,0021	97,5965
152	121	0,0019	99,221
162	121	0,0018	97,5471
172	121	0,0017	102,1196
182	121	0,0016	100,5086
192	121	0,0016	101,3545
202	121	0,0015	101,9374
212	121	0,0014	102,1674
222	121	0,0014	98,3666
232	121	0,0013	99,7412
242	121	0,0013	99,9398
252	121	0,0012	101,4772
262	121	0,0012	100,6961
272	121	0,0011	102,3291
282	121	0,0011	98,2778
292	121	0,0011	98,9654
302	121	0,001	101,912
312	121	0,001	99,3311
322	121	0,001	101,998
332	121	0,001	101,2389
342	121	0,0009	99,8799
352	121	0,0009	98,8658
362	121	0,0009	102,2339
372	121	0,0009	98,1125
382	121	0,0009	101,8288
392	121	0,0008	100,6168
402	121	0,0008	101,0938
412	121	0,0008	102,1238
422	121	0,0008	98,4211
432	121	0,0008	98,9122
442	121	0,0008	98,3365
452	121	0,0007	98,5156
462	121	0,0007	100,6317
472	121	0,0007	98,3819
482	121	0,0007	98,134
492	121	0,0007	98,6385
502	121	0,0007	102,3432
2	131	0,1082	97,5873
12	131	0,018	98,314
22	131	0,0099	98,1067
32	131	0,0068	99,8144
42	131	0,0052	100,7473
52	131	0,0043	102,0803
62	131	0,0043	98,008
72	131	0,0037	100,5743
82	131	0,0033	97,8557
92	131	0,0029	99,4713
102	131	0,0026	99,9846
112	131	0,0024	99,6851
122	131	0,0022	98,968
132	131	0,0021	98,7222
142	131	0,0019	102,0638
152	131	0,0018	100,3327
162	131	0,0017	98,4551
172	131	0,0016	97,6751
182	131	0,0015	99,6607
192	131	0,0015	101,5714
202	131	0,0014	101,2683
212	131	0,0013	99,2832
222	131	0,0013	102,4912
232	131	0,0012	97,6795
242	131	0,0012	100,1191
252	131	0,0011	98,5058
262	131	0,0011	100,8101
272	131	0,0011	101,0001
282	131	0,0011	99,1391
292	131	0,001	101,948
302	131	0,001	100,735
312	131	0,001	99,2083
322	131	0,0009	97,7517
332	131	0,0009	101,3349
342	131	0,0009	101,5179
352	131	0,0009	100,9949
362	131	0,0009	100,9108
372	131	0,0008	102,0218
382	131	0,0008	99,0655
392	131	0,0008	101,2628
402	131	0,0008	98,991
412	131	0,0013	101,5483
422	131	0,0013	98,4466
432	131	0,0013	100,4573
442	131	0,0013	97,7684
452	131	0,0012	98,0085
462	131	0,0012	98,2876
472	131	0,0012	98,7219
482	131	0,0012	98,182
492	131	0,0011	100,4471
502	131	0,0011	97,8928
2	141	0,1025	101,9648
12	141	0,0168	102,2372
22	141	0,0092	97,7864
32	141	0,0063	102,1308
42	141	0,0048	99,8492
52	141	0,0039	98,7888
62	141	0,004	100,4385
72	141	0,0035	98,3473
82	141	0,0031	100,4257
92	141	0,0027	99,8843
102	141	0,0025	101,5803
112	141	0,0023	102,1321
122	141	0,0021	100,1349
132	141	0,0019	100,4128
142	141	0,0018	101,1487
152	141	0,0017	98,6278
162	141	0,0016	98,8224
172	141	0,0015	100,6694
182	141	0,0014	100,1924
192	141	0,0014	97,5846
202	141	0,0013	102,1593
212	141	0,0013	99,2389
222	141	0,0012	98,5297
232	141	0,0011	100,1141
242	141	0,0011	99,506
252	141	0,0011	99,0368
262	141	0,001	100,901
272	141	0,001	100,727
282	141	0,001	99,7177
292	141	0,001	98,846
302	141	0,0009	101,0169
312	141	0,0009	99,1654
322	141	0,0009	98,5734
332	141	0,0008	101,2968
342	141	0,0008	98,7914
352	141	0,0008	100,9188
362	141	0,0008	97,5817
372	141	0,0008	101,7268
382	141	0,0008	101,7627
392	141	0,0007	100,5047
402	141	0,0007	99,1086
412	141	0,0012	100,8412
422	141	0,0012	100,1352
432	141	0,0012	101,7412
442	141	0,0012	98,7522
452	141	0,0011	98,7822
462	141	0,0011	97,8673
472	141	0,0011	100,0731
482	141	0,0011	101,9501
492	141	0,0011	100,5581
502	141	0,0011	100,2502
2	151	0,0952	101,6226
12	151	0,0156	102,3036
22	151	0,0086	101,1899
32	151	0,0059	99,2243
42	151	0,0045	99,3042
52	151	0,0045	97,7233
62	151	0,0037	97,6225
72	151	0,0032	97,5282
82	151	0,0028	99,9388
92	151	0,0025	98,9667
102	151	0,0023	101,0431
112	151	0,0021	101,6029
122	151	0,0019	100,0388
132	151	0,0018	99,8391
142	151	0,0017	97,8929
152	151	0,0016	98,4564
162	151	0,0015	99,9196
172	151	0,0014	102,1183
182	151	0,0013	97,7183
192	151	0,0013	97,9233
202	151	0,0012	98,7255
212	151	0,0012	101,0581
222	151	0,0011	100,5571
232	151	0,0011	97,9654
242	151	0,0011	102,309
252	151	0,001	101,838
262	151	0,001	98,3314
272	151	0,0009	99,8806
282	151	0,0009	101,2869
292	151	0,0009	101,3889
302	151	0,0009	97,5357
312	151	0,0008	100,3938
322	151	0,0008	101,1828
332	151	0,0008	101,2198
342	151	0,0008	102,1138
352	151	0,0008	97,9828
362	151	0,0008	101,4387
372	151	0,0007	102,2327
382	151	0,0007	98,0081
392	151	0,0007	98,8752
402	151	0,0007	98,6978
412	151	0,0012	101,5501
422	151	0,0011	97,9763
432	151	0,0011	101,2351
442	151	0,0011	98,8872
452	151	0,0011	98,3676
462	151	0,0011	102,19
472	151	0,001	101,305
482	151	0,001	97,9844
492	151	0,001	102,407
502	151	0,001	101,8173
2	161	0,0913	99,2225
12	161	0,0148	100,9701
22	161	0,0081	99,7882
32	161	0,0056	99,6768
42	161	0,0048	100,7742
52	161	0,0042	99,1235
62	161	0,0036	100,5051
72	161	0,0031	98,1526
82	161	0,0027	97,9087
92	161	0,0024	99,3922
102	161	0,0022	98,1868
112	161	0,002	100,8008
122	161	0,0018	98,074
132	161	0,0017	101,9046
142	161	0,0016	100,4135
152	161	0,0015	98,5557
162	161	0,0014	100,8433
172	161	0,0013	100,1453
182	161	0,0013	99,0629
192	161	0,0012	102,2171
202	161	0,0011	101,3421
212	161	0,0011	98,1115
222	161	0,0011	97,6923
232	161	0,001	100,076
242	161	0,001	99,4975
252	161	0,001	98,5587
262	161	0,0009	99,7641
272	161	0,0009	98,3017
282	161	0,0009	99,0421
292	161	0,0009	99,6696
302	161	0,0008	97,528
312	161	0,0008	100,7498
322	161	0,0008	98,1319
332	161	0,0008	99,811
342	161	0,0013	97,9222
352	161	0,0013	101,4022
362	161	0,0012	101,4312
372	161	0,0012	100,9242
382	161	0,0012	102,0522
392	161	0,0012	101,8371
402	161	0,0011	97,8145
412	161	0,0011	97,737
422	161	0,0011	100,1361
432	161	0,0011	98,3867
442	161	0,001	102,14
452	161	0,001	98,0486
462	161	0,001	99,441
472	161	0,001	100,482
482	161	0,001	100,693
492	161	0,001	101,0029
502	161	0,0009	100,282
2	171	0,085	99,5471
12	171	0,014	101,6196
22	171	0,0076	100,3933
32	171	0,0053	102,1128
42	171	0,0048	98,6126
52	171	0,004	101,4493
62	171	0,0033	99,3739
72	171	0,0029	99,4119
82	171	0,0025	97,9898
92	171	0,0023	101,542
102	171	0,002	99,4385
112	171	0,0019	101,2377
122	171	0,0017	102,1726
132	171	0,0016	101,7475
142	171	0,0015	101,6584
152	171	0,0014	101,0733
162	171	0,0013	100,6773
172	171	0,0013	100,0822
182	171	0,0012	100,6242
192	171	0,0012	100,0131
202	171	0,0011	100,3951
212	171	0,0011	100,86
222	171	0,001	97,6484
232	171	0,001	101,2809
242	171	0,0009	100,4999
252	171	0,0009	98,1959
262	171	0,0009	98,2205
272	171	0,0008	98,4803
282	171	0,0008	101,3878
292	171	0,0008	101,7218
302	171	0,0008	101,1778
312	171	0,0008	98,4209
322	171	0,0008	100,8347
332	171	0,0007	99,0661
342	171	0,0012	98,0291
352	171	0,0012	101,9432
362	171	0,0012	98,0124
372	171	0,0012	99,9
382	171	0,0011	98,8527
392	171	0,0011	98,4997
402	171	0,0011	98,9398
412	171	0,0011	100,789
422	171	0,001	102,236
432	171	0,001	98,6106
442	171	0,001	100,036
452	171	0,001	101,393
462	171	0,001	102,1829
472	171	0,0009	98,2115
482	171	0,0009	98,9739
492	171	0,0009	100,3059
502	171	0,0009	100,8039
2	181	0,0809	101,8802
12	181	0,0132	98,6714
22	181	0,0072	100,875
32	181	0,005	100,6508
42	181	0,0038	101,6668
52	181	0,0038	101,5682
62	181	0,0032	101,3697
72	181	0,0027	97,6447
82	181	0,0024	100,4541
92	181	0,0021	100,5899
102	181	0,0019	101,3208
112	181	0,0018	101,3736
122	181	0,0016	98,9229
132	181	0,0015	97,8852
142	181	0,0014	101,9013
152	181	0,0013	98,3649
162	181	0,0013	98,3961
172	181	0,0012	99,3
182	181	0,0011	99,7163
192	181	0,0011	99,3946
202	181	0,001	100,739
212	181	0,001	98,0044
222	181	0,001	99,1295
232	181	0,0009	101,8479
242	181	0,0009	100,5389
252	181	0,0009	98,0217
262	181	0,0008	101,5298
272	181	0,0008	101,2498
282	181	0,0008	99,4947
292	181	0,0008	99,3348
302	181	0,0008	99,4719
312	181	0,0007	98,8616
322	181	0,0007	100,4987
332	181	0,0007	97,8424
342	181	0,0012	102,0091
352	181	0,0011	99,6621
362	181	0,0011	101,9071
372	181	0,0011	100,8751
382	181	0,0011	99,8043
392	181	0,001	99,8592
402	181	0,001	98,9632
412	181	0,001	98,6231
422	181	0,001	98,7314
432	181	0,001	100,3849
442	181	0,0009	99,0067
452	181	0,0009	98,1313
462	181	0,0009	101,2479
472	181	0,0009	99,9017
482	181	0,0009	99,9302
492	181	0,0009	98,4632
502	181	0,0008	101,8703
2	191	0,0763	98,1794
12	191	0,0125	98,9727
22	191	0,0068	98,4276
32	191	0,0047	97,5177
42	191	0,0036	102,0076
52	191	0,0036	98,9468
62	191	0,003	101,5456
72	191	0,0026	100,7543
82	191	0,0023	100,94
92	191	0,002	98,3789
102	191	0,0018	97,7253
112	191	0,0017	102,3006
122	191	0,0016	101,3764
132	191	0,0014	98,0662
142	191	0,0014	101,8073
152	191	0,0013	98,5375
162	191	0,0012	102,4721
172	191	0,0011	100,1821
182	191	0,0011	100,841
192	191	0,001	99,8302
202	191	0,001	101,644
212	191	0,001	101,9629
222	191	0,0009	101,0609
232	191	0,0009	99,5272
242	191	0,0009	98,4683
252	191	0,0008	101,6908
262	191	0,0008	98,2744
272	191	0,0008	100,8688
282	191	0,0008	99,12
292	191	0,0007	99,2367
302	191	0,0007	100,1637
312	191	0,0007	99,7869
322	191	0,0007	100,7027
332	191	0,0007	101,0861
342	191	0,0011	99,8014
352	191	0,0011	100,2071
362	191	0,0011	97,5302
372	191	0,001	98,8444
382	191	0,001	98,4592
392	191	0,001	100,968
402	191	0,001	99,7215
412	191	0,001	98,6827
422	191	0,0009	100,7659
432	191	0,0009	98,5967
442	191	0,0009	99,2475
452	191	0,0009	100,0729
462	191	0,0009	99,6329
472	191	0,0008	99,2184
482	191	0,0008	97,7531
492	191	0,0008	97,9724
502	191	0,0008	101,6194
2	201	0,0724	101,9068
12	201	0,0118	102,4395
22	201	0,0065	100,1114
32	201	0,0054	98,9256
42	201	0,0042	98,4041
52	201	0,0034	99,299
62	201	0,0028	99,6975
72	201	0,0025	101,7712
82	201	0,0022	100,9169
92	201	0,0019	101,4328
102	201	0,0018	99,4331
112	201	0,0016	98,2032
122	201	0,0015	99,6342
132	201	0,0014	98,0183
142	201	0,0013	100,5032
152	201	0,0012	102,3392
162	201	0,0012	98,0473
172	201	0,0011	101,846
182	201	0,001	98,2976
192	201	0,001	101,5139
202	201	0,0009	99,0668
212	201	0,0009	99,4793
222	201	0,0009	99,7794
232	201	0,0009	100,1628
242	201	0,0008	101,2258
252	201	0,0008	102,3508
262	201	0,0008	102,2948
272	201	0,0008	97,9439
282	201	0,0013	97,6037
292	201	0,0012	97,7666
302	201	0,0012	101,9902
312	201	0,0012	101,9991
322	201	0,0011	97,6997
332	201	0,0011	99,5968
342	201	0,0011	98,42
352	201	0,001	98,6003
362	201	0,001	101,393
372	201	0,001	100,615
382	201	0,001	97,8692
392	201	0,001	99,8083
402	201	0,0009	99,5458
412	201	0,0009	99,8006
422	201	0,0009	100,5099
432	201	0,0009	101,6789
442	201	0,0009	100,3178
452	201	0,0008	98,5119
462	201	0,0007	101,5167
472	201	0,0007	100,8637
482	201	0,0007	97,8574
492	201	0,0008	102,3138
502	201	0,0008	99,9447
2	211	0,0689	99,4337
12	211	0,0112	99,2974
22	211	0,0062	102,1582
32	211	0,0042	102,0872
42	211	0,0032	98,0194
52	211	0,0032	102,0067
62	211	0,0027	101,8804
72	211	0,0024	98,461
82	211	0,0021	102,1089
92	211	0,0019	102,1447
102	211	0,0017	97,9498
112	211	0,0015	101,6064
122	211	0,0014	102,3433
132	211	0,0013	100,0452
142	211	0,0012	97,5248
152	211	0,0012	98,4423
162	211	0,0011	98,937
172	211	0,0011	100,639
182	211	0,001	98,8104
192	211	0,001	101,2439
202	211	0,0009	97,6834
212	211	0,0009	101,1099
222	211	0,0009	99,2533
232	211	0,0008	101,8608
242	211	0,0008	98,9265
252	211	0,0008	100,2647
262	211	0,0007	100,8767
272	211	0,0007	102,2902
282	211	0,0012	100,6212
292	211	0,0012	100,6901
302	211	0,0011	99,6655
312	211	0,0011	97,5439
322	211	0,0011	102,4811
332	211	0,0011	99,3196
342	211	0,001	102,128
352	211	0,001	97,9974
362	211	0,001	98,8241
372	211	0,001	101,5059
382	211	0,0009	98,9562
392	211	0,0009	98,431
402	211	0,0009	101,1499
412	211	0,0009	99,4045
422	211	0,0009	97,5356
432	211	0,0008	100,9908
442	211	0,0008	101,9488
452	211	0,0008	97,5592
462	211	0,0008	101,9328
472	211	0,0008	98,3843
482	211	0,0008	100,6968
492	211	0,0008	98,242
502	211	0,0008	102,1929
2	221	0,0659	100,8887
12	221	0,0107	101,8572
22	221	0,0072	98,8844
32	221	0,005	100,2428
42	221	0,0038	98,2791
52	221	0,0031	101,6456
62	221	0,0026	98,6172
72	221	0,0023	98,0666
82	221	0,002	99,7652
92	221	0,0018	101,8056
102	221	0,0016	100,2305
112	221	0,0015	99,8076
122	221	0,0014	101,7853
132	221	0,0013	102,0492
142	221	0,0012	99,4344
152	221	0,0011	102,2821
162	221	0,0011	98,3717
172	221	0,001	98,4395
182	221	0,001	98,7367
192	221	0,0009	99,3017
202	221	0,0009	102,0879
212	221	0,0009	100,6398
222	221	0,0008	99,3364
232	221	0,0008	100,5778
242	221	0,0008	100,0877
252	221	0,0007	99,3947
262	221	0,0007	100,0097
272	221	0,0007	100,9712
282	221	0,0012	97,5911
292	221	0,0011	100,7511
302	221	0,0011	100,5981
312	221	0,0011	100,969
322	221	0,001	100,102
332	221	0,001	101,978
342	221	0,001	98,7081
352	221	0,001	100,8779
362	221	0,0009	101,1209
372	221	0,0009	99,8229
382	221	0,0009	101,4419
392	221	0,0009	98,3842
402	221	0,0009	99,1267
412	221	0,0008	99,1709
422	221	0,0008	100,6908
432	221	0,0008	98,4108
442	221	0,0008	98,7184
452	221	0,0008	97,6237
462	221	0,0008	98,1914
472	221	0,0008	99,589
482	221	0,0007	98,562
492	221	0,0007	99,4271
502	221	0,0007	101,4521
2	231	0,0631	98,1586
12	231	0,0103	97,5715
22	231	0,0057	98,2295
32	231	0,0048	101,2296
42	231	0,0036	100,156
52	231	0,003	100,1215
62	231	0,0025	98,7371
72	231	0,0022	98,6251
82	231	0,0019	100,2107
92	231	0,0017	101,9865
102	231	0,0015	101,7224
112	231	0,0014	98,6785
122	231	0,0013	99,5871
132	231	0,0012	101,1982
142	231	0,0012	99,8854
152	231	0,0011	97,9635
162	231	0,001	99,8182
172	231	0,001	102,2069
182	231	0,0009	101,9049
192	231	0,0009	100,7009
202	231	0,0009	98,8329
212	231	0,0008	98,5745
222	231	0,0008	98,8908
232	231	0,0008	99,7429
242	231	0,0008	99,792
252	231	0,0007	99,0136
262	231	0,0007	100,4337
272	231	0,0007	101,8811
282	231	0,0011	100,0751
292	231	0,0011	102,3601
302	231	0,0011	100,77
312	231	0,001	100,724
322	231	0,001	102,426
332	231	0,001	101,495
342	231	0,001	99,4492
352	231	0,0009	100,0789
362	231	0,0009	99,1132
372	231	0,0009	100,6839
382	231	0,0009	101,2019
392	231	0,0009	101,8218
402	231	0,0008	100,1698
412	231	0,0008	100,4218
422	231	0,0008	97,9989
432	231	0,0008	102,2548
442	231	0,0008	99,1196
452	231	0,0008	100,3827
462	231	0,0007	97,7176
472	231	0,0007	101,4367
482	231	0,0007	100,0897
492	231	0,0007	102,1217
502	231	0,0007	99,6975
2	241	0,061	101,4309
12	241	0,0099	98,1996
22	241	0,0054	101,0297
32	241	0,0037	98,6663
42	241	0,0035	100,4888
52	241	0,0028	97,5418
62	241	0,0024	101,5981
72	241	0,0021	99,867
82	241	0,0018	100,1156
92	241	0,0016	101,4562
102	241	0,0012	98,1351
112	241	0,0011	98,3375
122	241	0,0013	101,3802
132	241	0,0012	102,1291
142	241	0,0011	100,286
152	241	0,001	98,9582
162	241	0,001	98,7407
172	241	0,0009	98,4687
182	241	0,0009	97,6589
192	241	0,0009	98,0616
202	241	0,0008	101,1368
212	241	0,0008	100,5798
222	241	0,0008	98,5597
232	241	0,0008	100,8917
242	241	0,0007	102,1987
252	241	0,0007	101,4417
262	241	0,0007	101,1087
272	241	0,0007	101,1351
282	241	0,0011	99,031
292	241	0,0011	100,729
302	241	0,001	98,2717
312	241	0,001	97,9516
322	241	0,001	101,4229
332	241	0,0009	101,7979
342	241	0,0009	99,1144
352	241	0,0009	99,4089
362	241	0,0009	101,8379
372	241	0,0009	98,2098
382	241	0,0008	101,7738
392	241	0,0008	99,4511
402	241	0,0008	102,1648
412	241	0,0008	102,4078
422	241	0,0008	100,2868
432	241	0,0008	101,0437
442	241	0,0007	102,0357
452	241	0,0007	98,0717
462	241	0,0007	97,5009
472	241	0,0007	98,2753
482	241	0,0007	99,0395
492	241	0,0007	97,659
502	241	0,0007	98,8955
2	251	0,0601	97,6847
12	251	0,0095	100,7432
22	251	0,0052	99,8987
32	251	0,0044	101,0694
42	251	0,0034	100,4387
52	251	0,0027	98,838
62	251	0,0023	99,6757
72	251	0,002	99,072
82	251	0,0018	100,3676
92	251	0,0016	97,9033
102	251	0,0014	99,8422
112	251	0,0013	100,8172
122	251	0,0012	101,8251
132	251	0,0011	99,1392
142	251	0,0011	102,431
152	251	0,001	98,7334
162	251	0,001	98,4756
172	251	0,0009	98,1396
182	251	0,0009	98,0064
192	251	0,0008	100,4258
202	251	0,0008	97,8031
212	251	0,0008	97,9137
222	251	0,0008	98,2121
232	251	0,0007	101,3457
242	251	0,0007	102,4487
252	251	0,0007	98,783
262	251	0,0006	101,3466
272	251	0,0006	98,2234
282	251	0,0011	100,322
292	251	0,001	101,505
302	251	0,001	99,5588
312	251	0,001	100,4969
322	251	0,0009	99,7425
332	251	0,0009	101,9529
342	251	0,0009	99,0634
352	251	0,0009	97,6784
362	251	0,0008	98,2886
372	251	0,0008	101,2368
382	251	0,0008	99,2486
392	251	0,0008	101,1538
402	251	0,0008	101,6388
412	251	0,0008	101,5897
422	251	0,0007	99,4702
432	251	0,0006	100,9627
442	251	0,0007	98,2276
452	251	0,0007	99,4001
462	251	0,0007	102,1957
472	251	0,0007	99,2023
482	251	0,0007	100,0387
492	251	0,0007	97,7011
502	251	0,0007	102,1818
2	261	0,0548	100,3491
12	261	0,0091	98,1183
22	261	0,005	97,8417
32	261	0,0037	99,189
42	261	0,0032	98,0636
52	261	0,0026	99,1227
62	261	0,0022	98,0333
72	261	0,0019	98,7851
82	261	0,0017	101,9435
92	261	0,0015	102,0364
102	261	0,0014	100,8423
112	261	0,0013	99,9394
122	261	0,0012	99,2779
132	261	0,0011	100,294
142	261	0,001	101,502
152	261	0,001	99,4553
162	261	0,0009	101,0819
172	261	0,0009	100,2378
182	261	0,0008	101,2028
192	261	0,0008	99,7352
202	261	0,0008	99,3762
212	261	0,0013	100,2922
222	261	0,0012	101,7052
232	261	0,0012	97,8385
242	261	0,0012	101,0191
252	261	0,0011	98,6045
262	261	0,0011	97,5331
272	261	0,001	97,7205
282	261	0,001	101,142
292	261	0,001	97,7336
302	261	0,001	102,3469
312	261	0,0009	98,9828
322	261	0,0009	98,3468
332	261	0,0009	97,685
342	261	0,0009	100,6688
352	261	0,0008	98,9077
362	261	0,0008	99,3054
372	261	0,0008	101,1998
382	261	0,0008	100,1908
392	261	0,0008	98,7471
402	261	0,0008	100,735
412	261	0,001	98,5324
422	261	0,001	101,186
432	261	0,001	97,512
442	261	0,001	101,3259
452	261	0,0009	100,1859
462	261	0,0009	99,4664
472	261	0,0009	99,9065
482	261	0,0009	97,9229
492	261	0,0009	98,1686
502	261	0,0009	102,1959
2	271	0,0559	99,8056
12	271	0,0088	100,9638
22	271	0,0048	101,3473
32	271	0,0033	100,1371
42	271	0,0031	99,4791
52	271	0,0025	102,4491
62	271	0,0021	100,1679
72	271	0,0019	99,6976
82	271	0,0016	101,0905
92	271	0,0015	100,4002
102	271	0,0012	99,5432
112	271	0,0011	97,5719
122	271	0,0011	101,2461
132	271	0,0011	99,7272
142	271	0,001	100,7389
152	271	0,0009	97,6525
162	271	0,0009	101,5319
172	271	0,0009	99,4381
182	271	0,0008	100,3428
192	271	0,0008	97,7778
202	271	0,0007	97,6727
212	271	0,0012	101,3742
222	271	0,0012	101,4632
232	271	0,0012	97,6837
242	271	0,0011	100,1991
252	271	0,0011	99,1477
262	271	0,001	99,6491
272	271	0,001	97,6045
282	271	0,001	99,5696
292	271	0,0009	100,3169
302	271	0,0009	102,2448
312	271	0,0008	101,8657
322	271	0,0007	98,7754
332	271	0,0009	101,0888
342	271	0,0008	99,5004
352	271	0,0008	100,7518
362	271	0,0008	101,0358
372	271	0,0008	102,1668
382	271	0,0008	97,9479
392	271	0,0008	99,6246
402	271	0,0007	100,066
412	271	0,001	99,9902
422	271	0,001	99,6956
432	271	0,001	98,8103
442	271	0,0009	102,2159
452	271	0,0009	97,9339
462	271	0,0009	98,9619
472	271	0,0009	101,2469
482	271	0,0009	99,8712
492	271	0,0009	101,8038
502	271	0,0008	101,5776
2	281	0,0546	100,0505
12	281	0,0085	100,6807
22	281	0,0047	100,4882
32	281	0,0032	100,227
42	281	0,003	98,3766
52	281	0,0024	102,133
62	281	0,002	102,3738
72	281	0,0018	98,4793
82	281	0,0016	99,2015
92	281	0,0014	100,1893
102	281	0,0013	98,2224
112	281	0,0012	98,5667
122	281	0,0011	101,464
132	281	0,001	101,81
142	281	0,001	100,5659
152	281	0,0009	99,7148
162	281	0,0009	100,3448
172	281	0,0008	100,2318
182	281	0,0008	100,1618
192	281	0,0008	102,4687
202	281	0,0007	97,797
212	281	0,0012	97,6515
222	281	0,0012	99,6634
232	281	0,0011	99,1063
242	281	0,0011	102,367
252	281	0,001	100,096
262	281	0,001	100,567
272	281	0,001	101,1129
282	281	0,0009	102,4669
292	281	0,0009	99,8701
302	281	0,0009	100,1359
312	281	0,0009	100,0078
322	281	0,0008	98,0462
332	281	0,0008	98,1206
342	281	0,0008	97,7326
352	281	0,0008	98,9204
362	281	0,0008	97,7521
372	281	0,0008	97,605
382	281	0,0007	99,898
392	281	0,0007	99,4521
402	281	0,0007	100,294
412	281	0,001	100,6199
422	281	0,0009	100,5179
432	281	0,0009	99,2563
442	281	0,0009	99,9282
452	281	0,0009	98,5832
462	281	0,0009	101,4699
472	281	0,0009	97,7719
482	281	0,0008	101,3138
492	281	0,0008	99,1313
502	281	0,0008	97,7908
2	291	0,0521	101,6172
12	291	0,0082	99,2853
22	291	0,0045	99,9041
32	291	0,0031	98,2173
42	291	0,0029	99,1488
52	291	0,0023	102,498
62	291	0,002	101,2827
72	291	0,0017	97,7599
82	291	0,0015	102,4634
92	291	0,0014	98,6512
102	291	0,0013	100,3951
112	291	0,0011	99,9703
122	291	0,0011	99,1964
132	291	0,001	101,014
142	291	0,001	100,2019
152	291	0,0009	100,6159
162	291	0,0009	101,2658
172	291	0,0008	100,3058
182	291	0,0008	98,013
192	291	0,0008	98,2168
202	291	0,0007	98,0991
212	291	0,0012	101,1321
222	291	0,0011	101,2341
232	291	0,0011	99,8544
242	291	0,001	98,559
252	291	0,001	102,316
262	291	0,001	98,8237
272	291	0,0009	98,83
282	291	0,0009	101,1299
292	291	0,0009	100,4539
302	291	0,0009	99,0686
312	291	0,0008	100,2388
322	291	0,0008	102,2348
332	291	0,0008	101,4698
342	291	0,0008	100,9538
352	291	0,0008	98,8814
362	291	0,0008	101,4657
372	291	0,0007	99,7339
382	291	0,0007	99,1397
392	291	0,0007	101,4277
402	291	0,0007	100,8839
412	291	0,0009	102,0339
422	291	0,0009	98,8968
432	291	0,0009	97,5794
442	291	0,0009	100,5469
452	291	0,0009	101,5979
462	291	0,0009	100,6938
472	291	0,0008	99,3114
482	291	0,0008	99,403
492	291	0,0008	101,2068
502	291	0,0008	100,0759
2	301	0,0489	100,0079
12	301	0,0079	99,8417
22	301	0,0053	98,7636
32	301	0,0037	102,3558
42	301	0,0028	100,8963
52	301	0,0023	98,5772
62	301	0,0019	98,6779
72	301	0,0017	102,2245
82	301	0,0015	102,2053
92	301	0,0013	101,6302
102	301	0,0012	98,7924
112	301	0,0011	99,9432
122	301	0,001	101,365
132	301	0,001	97,761
142	301	0,0009	98,3957
152	301	0,0009	97,7449
162	301	0,0008	101,7258
172	301	0,0008	100,6288
182	301	0,0008	99,3839
192	301	0,0007	100,6527
202	301	0,0007	99,0122
212	301	0,0011	98,9168
222	301	0,0011	102,0491
232	301	0,0011	99,0906
242	301	0,001	101,963
252	301	0,001	101,1459
262	301	0,0009	102,2839
272	301	0,0009	98,7731
282	301	0,0009	98,0476
292	301	0,0009	100,9898
302	301	0,0008	101,2998
312	301	0,0008	100,5478
322	301	0,0008	98,3259
332	301	0,0008	97,5595
342	301	0,0008	100,4007
352	301	0,0007	101,7197
362	301	0,0007	98,6348
372	301	0,0007	101,5767
382	301	0,0007	101,4437
392	301	0,0007	98,3389
402	301	0,0007	100,7069
412	301	0,0009	97,7351
422	301	0,0009	100,7809
432	301	0,0009	99,5704
442	301	0,0009	97,9951
452	301	0,0008	101,6758
462	301	0,0008	99,8144
472	301	0,0008	102,2198
482	301	0,0008	99,804
492	301	0,0008	101,6978
502	301	0,0008	100,4196
2	311	0,0486	101,3217
12	311	0,0077	98,1166
22	311	0,0042	99,9216
32	311	0,0029	97,9067
42	311	0,0027	97,5762
52	311	0,0022	98,5651
62	311	0,0019	97,6886
72	311	0,0016	98,8476
82	311	0,0014	99,1112
92	311	0,0013	101,1772
102	311	0,0012	97,6462
112	311	0,0011	102,158
122	311	0,001	102,0019
132	311	0,0009	97,7047
142	311	0,0009	100,0579
152	311	0,0009	101,2208
162	311	0,0008	98,8386
172	311	0,0008	99,1341
182	311	0,0007	100,1637
192	311	0,0007	99,6768
202	311	0,0007	102,3401
212	311	0,0011	100,3981
222	311	0,0011	97,9576
232	311	0,001	99,4098
242	311	0,001	100,893
252	311	0,001	102,1329
262	311	0,0009	101,7229
272	311	0,0009	100,6119
282	311	0,0009	99,4359
292	311	0,0008	100,9198
302	311	0,0008	98,4829
312	311	0,0008	98,2502
322	311	0,0008	101,5328
332	311	0,0008	100,9017
342	311	0,0007	98,6541
352	311	0,0007	101,6067
362	311	0,0007	101,9647
372	311	0,0007	98,8411
382	311	0,0007	97,9525
392	311	0,0007	98,5747
402	311	0,0007	97,5171
412	311	0,0009	98,0978
422	311	0,0009	98,2315
432	311	0,0008	102,0178
442	311	0,0008	98,3015
452	311	0,0008	100,7888
462	311	0,0008	100,7378
472	311	0,0008	99,6393
482	311	0,0008	102,4218
492	311	0,0008	98,4013
502	311	0,0008	101,8626
2	321	0,0476	102,2674
12	321	0,0074	101,3021
22	321	0,0041	102,2738
32	321	0,0028	99,1718
42	321	0,0026	99,6918
52	321	0,0021	101,9048
62	321	0,0018	98,3932
72	321	0,0016	97,8022
82	321	0,0014	98,8393
92	321	0,0013	101,8121
102	321	0,0011	98,784
112	321	0,0011	99,5884
122	321	0,001	100,8429
132	321	0,0009	102,1855
142	321	0,0015	100,7424
152	321	0,0014	99,9494
162	321	0,0014	101,6493
172	321	0,0013	102,0822
182	321	0,0012	100,4012
192	321	0,0012	97,7229
202	321	0,0011	102,0981
212	321	0,0011	100,998
222	321	0,001	98,4535
232	321	0,001	101,615
242	321	0,001	101,7979
252	321	0,0009	101,7409
262	321	0,0009	99,8525
272	321	0,0009	98,9371
282	321	0,0012	101,6621
292	321	0,0011	100,7531
302	321	0,0011	98,2516
312	321	0,0011	101,4221
322	321	0,0011	99,5511
332	321	0,001	98,0227
342	321	0,001	98,0916
352	321	0,001	101,741
362	321	0,001	102,4259
372	321	0,0009	98,9831
382	321	0,0009	102,0419
392	321	0,0009	98,7636
402	321	0,0009	98,294
412	321	0,0011	98,3246
422	321	0,0011	100,851
432	321	0,001	101,636
442	321	0,001	98,0082
452	321	0,001	99,092
462	321	0,001	99,0843
472	321	0,001	102,156
482	321	0,001	98,6731
492	321	0,0009	101,9839
502	321	0,0009	102,4212
2	331	0,0442	98,2768
12	331	0,0072	100,484
22	331	0,004	98,3321
32	331	0,0027	102,3866
42	331	0,0026	99,7793
52	331	0,0021	97,5712
62	331	0,0017	99,7371
72	331	0,0015	101,2144
82	331	0,0014	101,7322
92	331	0,0012	97,9888
102	331	0,0011	101,965
112	331	0,001	100,653
122	331	0,001	100,0389
132	331	0,0009	102,4865
142	331	0,0015	101,2444
152	331	0,0014	99,2788
162	331	0,0013	102,4113
172	331	0,0013	97,7262
182	331	0,0012	98,8193
192	331	0,0012	98,6737
202	331	0,0011	98,5188
212	331	0,0009	99,6424
222	331	0,0009	102,024
232	331	0,001	97,6541
242	331	0,0009	100,1499
252	331	0,0009	98,6145
262	331	0,0009	99,2373
272	331	0,0009	99,8049
282	331	0,0011	99,787
292	331	0,0011	98,7206
302	331	0,0011	99,6818
312	331	0,0011	100,556
322	331	0,001	101,7
332	331	0,001	100,511
342	331	0,001	100,44
352	331	0,001	98,9774
362	331	0,0009	100,5809
372	331	0,0009	97,676
382	331	0,0009	97,6906
392	331	0,0009	99,8112
402	331	0,0009	98,1638
412	331	0,001	102,154
422	331	0,001	97,9634
432	331	0,001	100,702
442	331	0,001	102,14
452	331	0,001	101,706
462	331	0,001	102,4789
472	331	0,0009	102,0489
482	331	0,0009	101,9309
492	331	0,0009	98,7971
502	331	0,0009	98,2647
2	341	0,0437	97,955
12	341	0,007	100,9418
22	341	0,0038	97,7464
32	341	0,0027	98,1037
42	341	0,0025	98,5885
52	341	0,002	98,859
62	341	0,0017	99,8391
72	341	0,0015	100,8913
82	341	0,0013	101,1442
92	341	0,0012	101,0581
102	341	0,0011	98,0721
112	341	0,001	99,1996
122	341	0,0009	100,2579
132	341	0,0009	101,0824
142	341	0,0014	102,1394
152	341	0,0014	101,7343
162	341	0,0013	99,1621
172	341	0,0012	102,3142
182	341	0,0012	101,9241
192	341	0,0011	101,4721
202	341	0,0011	97,977
212	341	0,001	101,577
222	341	0,001	101,9349
232	341	0,0009	101,1779
242	341	0,0009	101,2159
252	341	0,0009	101,1399
262	341	0,0009	101,1558
272	341	0,0008	100,7641
282	341	0,0011	100,5701
292	341	0,0011	102,4521
302	341	0,0011	101,485
312	341	0,001	101,018
322	341	0,001	100,89
332	341	0,001	101,729
342	341	0,001	101,6189
352	341	0,0009	101,9759
362	341	0,0009	98,0859
372	341	0,0009	98,9568
382	341	0,0009	100,3659
392	341	0,0009	101,7288
402	341	0,0008	97,5141
412	341	0,001	100,937
422	341	0,001	98,4278
432	341	0,001	100,271
442	341	0,001	99,5187
452	341	0,001	98,0658
462	341	0,0009	99,5036
472	341	0,0009	101,1799
482	341	0,0009	97,879
492	341	0,0009	98,9263
502	341	0,0009	100,1919
2	351	0,0419	98,3609
12	351	0,0068	98,0051
22	351	0,0037	99,5861
32	351	0,0026	102,0334
42	351	0,0024	101,718
52	351	0,002	98,2241
62	351	0,0017	100,6865
72	351	0,0015	99,9801
82	351	0,0013	101,2922
92	351	0,0012	100,6371
102	351	0,0011	98,9638
112	351	0,001	99,8094
122	351	0,0009	99,0254
132	351	0,0008	98,1918
142	351	0,0014	98,9281
152	351	0,0013	98,501
162	351	0,0013	98,7766
172	351	0,0012	100,3841
182	351	0,0011	101,3661
192	351	0,0011	98,0044
202	351	0,0009	100,3969
212	351	0,0009	99,8025
222	351	0,001	98,9313
232	351	0,0009	98,1664
242	351	0,0009	101,8199
252	351	0,0009	99,4961
262	351	0,0008	100,1688
272	351	0,0008	100,4991
282	351	0,0011	99,8745
292	351	0,0011	101,595
302	351	0,001	98,1487
312	351	0,001	100,729
322	351	0,001	102,096
332	351	0,001	100,2319
342	351	0,0009	100,2589
352	351	0,0009	101,3119
362	351	0,0009	100,9549
372	351	0,0009	98,4443
382	351	0,0009	98,7905
392	351	0,0008	99,7459
402	351	0,0008	101,581
412	351	0,001	100,253
422	351	0,001	102,055
432	351	0,001	98,1051
442	351	0,0009	100,9439
452	351	0,0009	98,4814
462	351	0,0009	99,1048
472	351	0,0009	102,2189
482	351	0,0009	101,3639
492	351	0,0009	97,9698
502	351	0,0009	97,7634
2	361	0,0416	99,2657
12	361	0,0066	100,2737
22	361	0,0037	99,1553
32	361	0,0031	99,927
42	361	0,0024	99,5916
52	361	0,0019	101,1486
62	361	0,0016	97,5942
72	361	0,0014	97,5889
82	361	0,0013	98,522
92	361	0,0011	101,687
102	361	0,001	98,2363
112	361	0,001	101,7489
122	361	0,0009	101,2818
132	361	0,0008	100,9684
142	361	0,0014	99,5079
152	361	0,0013	100,0932
162	361	0,0012	99,4214
172	361	0,0012	100,4511
182	361	0,0011	101,3831
192	361	0,0011	101,666
202	361	0,001	99,5306
212	361	0,001	99,1352
222	361	0,0009	101,2199
232	361	0,0009	100,1349
242	361	0,0009	97,578
252	361	0,0008	102,1998
262	361	0,0008	101,7388
272	361	0,0008	102,2961
282	361	0,0011	101,064
292	361	0,001	102,208
302	361	0,001	97,5183
312	361	0,001	97,8227
322	361	0,001	99,9779
332	361	0,0009	99,1704
342	361	0,0009	100,2469
352	361	0,0009	102,0679
362	361	0,0009	97,8179
372	361	0,0009	100,3398
382	361	0,0008	102,1548
392	361	0,0008	98,8387
402	361	0,0008	99,5264
412	361	0,001	97,8907
422	361	0,001	98,0873
432	361	0,0009	98,3077
442	361	0,0009	101,3569
452	361	0,0009	100,0939
462	361	0,0009	100,8999
472	361	0,0009	98,2773
482	361	0,0009	98,0439
492	361	0,0009	99,7816
502	361	0,0008	102,4835
2	371	0,0415	100,0795
12	371	0,0065	101,4193
22	371	0,0043	101,164
32	371	0,003	97,7087
42	371	0,0023	101,4939
52	371	0,0019	100,8616
62	371	0,0016	101,9454
72	371	0,0014	101,2892
82	371	0,0012	99,4238
92	371	0,0011	101,652
102	371	0,001	101,3059
112	371	0,0009	99,7453
122	371	0,0009	99,1284
132	371	0,0008	97,9759
142	371	0,0013	102,4923
152	371	0,0013	98,6956
162	371	0,0012	98,2927
172	371	0,0011	100,3311
182	371	0,0011	98,3497
192	371	0,001	99,6305
202	371	0,001	102,356
212	371	0,001	98,7393
222	371	0,0009	100,2169
232	371	0,0009	98,1629
242	371	0,0009	97,5955
252	371	0,0008	97,8096
262	371	0,0008	101,5618
272	371	0,0008	98,3721
282	371	0,001	98,3528
292	371	0,001	98,8428
302	371	0,001	98,3139
312	371	0,001	100,9249
322	371	0,0009	97,7578
332	371	0,0009	101,9749
342	371	0,0009	101,1319
352	371	0,0009	101,7499
362	371	0,0009	100,3348
372	371	0,0008	100,5758
382	371	0,0008	100,5378
392	371	0,0008	102,2568
402	371	0,0008	99,7263
412	371	0,0009	99,3432
422	371	0,0009	99,5016
432	371	0,0009	101,3539
442	371	0,0009	99,8178
452	371	0,0009	99,4923
462	371	0,0009	97,5483
472	371	0,0009	100,6088
482	371	0,0008	102,3218
492	371	0,0008	98,3969
502	371	0,0008	97,7793
2	381	0,0414	102,1823
12	381	0,0063	99,638
22	381	0,0035	100,4564
32	381	0,0024	97,8407
42	381	0,0022	99,731
52	381	0,0018	100,7645
62	381	0,0015	101,9004
72	381	0,0014	100,6012
82	381	0,0012	101,6151
92	381	0,0011	98,2422
102	381	0,001	101,4139
112	381	0,0009	100,0399
122	381	0,0009	98,4989
132	381	0,0008	100,8883
142	381	0,0013	98,6709
152	381	0,0012	97,7486
162	381	0,0012	98,7214
172	381	0,0011	101,7461
182	381	0,0011	100,785
192	381	0,001	98,4777
202	381	0,001	98,9709
212	381	0,0009	97,6277
222	381	0,0009	100,4779
232	381	0,0009	97,8237
242	381	0,0008	99,9445
252	381	0,0008	102,4698
262	381	0,0008	97,8711
272	381	0,0008	98,0531
282	381	0,001	102,291
292	381	0,001	98,7674
302	381	0,001	98,291
312	381	0,0009	101,9679
322	381	0,0009	100,9019
332	381	0,0009	101,2449
342	381	0,0009	102,3058
352	381	0,0008	98,1309
362	381	0,0008	99,5072
372	381	0,0008	101,7048
382	381	0,0008	101,2308
392	381	0,0008	98,6216
402	381	0,0008	102,4469
412	381	0,0009	100,1449
422	381	0,0009	101,1608
432	381	0,0008	98,4446
442	381	0,0008	98,5311
452	381	0,0009	102,3298
462	381	0,0008	98,6919
472	381	0,0008	99,7514
482	381	0,0008	101,5748
492	381	0,0008	101,9767
502	381	0,0007	100,7638
2	391	0,0368	98,0501
12	391	0,0062	102,1054
22	391	0,0034	98,707
32	391	0,0023	98,3687
42	391	0,0018	99,5476
52	391	0,0015	98,6751
62	391	0,0015	98,7385
72	391	0,0013	100,0992
82	391	0,0012	98,4648
92	391	0,0011	100,005
102	391	0,001	100,8889
112	391	0,0009	97,9311
122	391	0,0008	98,4052
132	391	0,0008	99,6334
142	391	0,0013	97,7365
152	391	0,0012	99,0356
162	391	0,0011	101,6401
172	391	0,0011	101,941
182	391	0,001	97,7659
192	391	0,001	97,7603
202	391	0,001	101,8858
212	391	0,0008	100,4088
222	391	0,0008	101,4197
232	391	0,0007	97,83
242	391	0,0007	101,4398
252	391	0,0008	101,2488
262	391	0,0008	99,0212
272	391	0,0008	98,6902
282	391	0,001	100,323
292	391	0,001	98,4969
302	391	0,0009	101,9169
312	391	0,0009	100,8669
322	391	0,0009	98,0993
332	391	0,0009	98,1221
342	391	0,0009	101,7338
352	391	0,0008	100,1448
362	391	0,0008	99,2955
372	391	0,0008	97,9712
382	391	0,0008	97,7435
392	391	0,0008	100,2588
402	391	0,0008	100,4749
412	391	0,0009	101,1319
422	391	0,0009	100,6899
432	391	0,0009	101,3789
442	391	0,0009	98,2639
452	391	0,0009	100,9248
462	391	0,0008	97,9136
472	391	0,0008	102,4028
482	391	0,0008	100,3648
492	391	0,0008	98,1785
502	391	0,0008	97,7006
2	401	0,0397	99,7553
12	401	0,006	101,0893
22	401	0,0033	101,5823
32	401	0,0023	100,0811
42	401	0,0021	100,0267
52	401	0,0017	100,3295
62	401	0,0015	101,6003
72	401	0,0013	101,2152
82	401	0,0012	98,1518
92	401	0,001	97,5959
102	401	0,001	100,6319
112	401	0,0009	101,5178
122	401	0,0008	98,1941
132	401	0,0008	101,2532
142	401	0,0012	100,7512
152	401	0,0012	100,8391
162	401	0,0011	98,0475
172	401	0,0011	101,222
182	401	0,001	101,081
192	401	0,001	100,8059
202	401	0,0009	99,1955
212	401	0,0009	99,7123
222	401	0,0009	98,9943
232	401	0,0008	98,0738
242	401	0,0008	100,4748
252	401	0,0008	102,4178
262	401	0,0008	98,4865
272	401	0,0007	100,377
282	401	0,001	100,2819
292	401	0,0009	99,1644
302	401	0,0009	100,5379
312	401	0,0009	97,5315
322	401	0,0009	97,7506
332	401	0,0009	99,6177
342	401	0,0008	100,1098
352	401	0,0008	100,2748
362	401	0,0008	102,4458
372	401	0,0008	99,2089
382	401	0,0008	98,9893
392	401	0,0008	98,0968
402	401	0,0007	99,304
412	401	0,0009	102,1199
422	401	0,0009	102,1139
432	401	0,0009	99,9972
442	401	0,0008	100,8718
452	401	0,0008	100,3648
462	401	0,0008	98,335
472	401	0,0008	101,4178
482	401	0,0008	99,0852
492	401	0,0008	101,9158
502	401	0,0008	99,7594
2	411	0,0375	100,7849
12	411	0,0059	99,1299
22	411	0,0039	101,2177
32	411	0,0027	101,3541
42	411	0,0021	102,1017
52	411	0,0017	101,1344
62	411	0,0014	102,3393
72	411	0,0013	99,9776
82	411	0,0011	98,9152
92	411	0,001	99,0023
102	411	0,0009	98,0143
112	411	0,0009	98,9456
122	411	0,0008	99,2517
132	411	0,0007	100,1312
142	411	0,0012	101,5552
152	411	0,0012	102,0261
162	411	0,0011	100,077
172	411	0,001	98,2631
182	411	0,001	98,5149
192	411	0,001	100,6729
202	411	0,0009	100,0659
212	411	0,0009	98,1337
222	411	0,0008	100,2858
232	411	0,0008	97,5623
242	411	0,0008	101,5048
252	411	0,0008	98,1494
262	411	0,0007	98,3964
272	411	0,0007	100,422
282	411	0,001	99,734
292	411	0,0009	97,8112
302	411	0,0009	97,6434
312	411	0,0009	98,0131
322	411	0,0009	99,4372
332	411	0,0008	101,3588
342	411	0,0008	101,8648
352	411	0,0008	99,0376
362	411	0,0008	99,9916
372	411	0,0008	101,7028
382	411	0,0008	101,5137
392	411	0,0007	101,4057
402	411	0,0007	98,2043
412	411	0,0009	102,0279
422	411	0,0009	97,8505
432	411	0,0008	99,9553
442	411	0,0008	99,6578
452	411	0,0008	101,9048
462	411	0,0008	99,4807
472	411	0,0008	102,2338
482	411	0,0008	97,6665
492	411	0,0008	100,4948
502	411	0,0008	100,441
2	421	0,037	100,2367
12	421	0,0057	101,1301
22	421	0,0031	98,192
32	421	0,0026	100,294
42	421	0,002	100,1317
52	421	0,0017	98,8395
62	421	0,0014	101,1892
72	421	0,0012	98,052
82	421	0,0011	101,072
92	421	0,001	101,4989
102	421	0,0009	98,1942
112	421	0,0008	101,5838
122	421	0,0008	98,4355
132	421	0,0007	102,0522
142	421	0,0012	100,9491
152	421	0,0011	99,9727
162	421	0,0011	99,5431
172	421	0,001	100,151
182	421	0,001	98,9858
192	421	0,0009	98,4479
202	421	0,0009	100,8539
212	421	0,0009	98,5124
222	421	0,0008	98,7975
232	421	0,0008	98,3083
242	421	0,0008	100,6697
252	421	0,0007	98,2011
262	421	0,0007	100,2877
272	421	0,0007	100,4019
282	421	0,0009	98,367
292	421	0,0009	98,2822
302	421	0,0009	98,3066
312	421	0,0009	101,0978
322	421	0,0008	101,9088
332	421	0,0008	98,9958
342	421	0,0008	98,8902
352	421	0,0008	99,5392
362	421	0,0008	100,3338
372	421	0,0008	97,5781
382	421	0,0007	100,0897
392	421	0,0007	98,905
402	421	0,0007	101,5768
412	421	0,0008	100,7838
422	421	0,0008	97,9884
432	421	0,0008	97,5114
442	421	0,0008	100,3348
452	421	0,0008	101,4358
462	421	0,0008	99,983
472	421	0,0008	102,3768
482	421	0,0008	99,0854
492	421	0,0007	101,4677
502	421	0,0007	98,3593
2	431	0,0362	102,4436
12	431	0,0056	102,4827
22	431	0,0037	99,6224
32	431	0,0026	98,2472
42	431	0,002	100,6486
52	431	0,0016	100,3214
62	431	0,0014	101,0342
72	431	0,0012	98,5498
82	431	0,0011	101,187
92	431	0,001	101,8149
102	431	0,0009	99,3551
112	431	0,0008	99,7841
122	431	0,0008	101,2227
132	431	0,0007	100,8502
142	431	0,0012	101,1741
152	431	0,0011	98,2614
162	431	0,0011	98,6834
172	431	0,001	101,251
182	431	0,001	100,8509
192	431	0,0009	100,0879
202	431	0,0009	100,3268
212	431	0,0008	99,1331
222	431	0,0008	100,5748
232	431	0,0008	100,3378
242	431	0,0008	101,9667
252	431	0,0007	99,5101
262	431	0,0007	97,8194
272	431	0,0007	101,8429
282	431	0,0009	101,0949
292	431	0,0009	101,7869
302	431	0,0009	97,6664
312	431	0,0009	101,0328
322	431	0,0008	101,7648
332	431	0,0008	99,7861
342	431	0,0008	101,7778
352	431	0,0008	99,9126
362	431	0,0008	97,6062
372	431	0,0007	100,3107
382	431	0,0007	100,9607
392	431	0,0007	101,2927
402	431	0,0007	99,6244
412	431	0,0008	97,8155
422	431	0,0008	98,576
432	431	0,0008	98,3463
442	431	0,0008	101,1648
452	431	0,0008	102,2488
462	431	0,0008	99,1067
472	431	0,0008	102,3477
482	431	0,0007	100,9987
492	431	0,0007	102,4557
502	431	0,0007	99,9677
2	441	0,0345	98,8295
12	441	0,0055	99,0914
22	441	0,0037	98,01
32	441	0,0025	101,6619
42	441	0,0019	98,5556
52	441	0,0016	100,0183
62	441	0,0013	101,9802
72	441	0,0012	97,8975
82	441	0,0011	98,6121
92	441	0,001	101,2659
102	441	0,0009	98,0627
112	441	0,0008	102,1438
122	441	0,0008	100,5297
132	441	0,0007	100,3482
142	441	0,0012	101,4211
152	441	0,0011	97,942
162	441	0,001	100,454
172	441	0,001	99,2307
182	441	0,0009	101,4019
192	441	0,0009	99,2453
202	441	0,0009	101,3538
212	441	0,0008	101,7168
222	441	0,0008	100,3208
232	441	0,0008	102,1997
242	441	0,0007	100,3807
252	441	0,0007	100,0677
262	441	0,0007	98,8055
272	441	0,0007	100,2279
282	441	0,0009	98,5664
292	441	0,0009	98,7612
302	441	0,0009	97,6608
312	441	0,0008	99,8902
322	441	0,0008	100,3488
332	441	0,0008	98,1684
342	441	0,0008	99,0507
352	441	0,0008	101,4027
362	441	0,0007	100,6857
372	441	0,0007	98,5297
382	441	0,0007	101,7987
392	441	0,0007	101,7967
402	441	0,0007	102,2948
412	441	0,0008	102,3608
422	441	0,0008	101,4398
432	441	0,0008	100,3238
442	441	0,0008	100,2078
452	441	0,0008	100,3598
462	441	0,0008	100,7647
472	441	0,0007	98,1607
482	441	0,0007	102,0897
492	441	0,0007	99,6663
502	441	0,0007	99,9379
2	451	0,0335	100,9473
12	451	0,0053	98,8853
22	451	0,0036	97,7265
32	451	0,0025	100,6429
42	451	0,0019	101,7635
52	451	0,0015	100,2923
62	451	0,0013	101,9472
72	451	0,0012	99,4897
82	451	0,001	101,3579
92	451	0,0009	98,2069
102	451	0,0009	99,6496
112	451	0,0008	98,747
122	451	0,0007	101,0547
132	451	0,0007	100,3171
142	451	0,0011	100,2971
152	451	0,0011	99,9571
162	451	0,001	98,5018
172	451	0,001	101,3259
182	451	0,0009	99,2554
192	451	0,0009	97,7973
202	451	0,0008	101,1198
212	451	0,0008	99,1156
222	451	0,0008	101,7358
232	451	0,0008	98,943
242	451	0,0007	101,8227
252	451	0,0007	99,5946
262	451	0,0007	102,2067
272	451	0,0007	102,4829
282	451	0,0009	99,1834
292	451	0,0009	99,3729
302	451	0,0008	99,8874
312	451	0,0008	97,6253
322	451	0,0008	100,7548
332	451	0,0008	100,1118
342	451	0,0008	100,7657
352	451	0,0007	100,0167
362	451	0,0007	97,9027
372	451	0,0007	100,2117
382	451	0,0007	102,0047
392	451	0,0007	101,7597
402	451	0,0007	100,9178
412	451	0,0008	99,154
422	451	0,0008	98,0061
432	451	0,0008	99,4721
442	451	0,0008	101,9708
452	451	0,0008	100,8027
462	451	0,0007	101,9277
472	451	0,0007	97,9711
482	451	0,0007	99,6275
492	451	0,0007	98,6826
502	451	0,0007	98,3002
2	461	0,0333	98,2512
12	461	0,0052	100,3005
22	461	0,0035	97,5044
32	461	0,0024	99,6902
42	461	0,0019	99,6204
52	461	0,0015	99,5973
62	461	0,0013	99,396
72	461	0,0012	99,6021
82	461	0,001	101,2789
92	461	0,0009	101,2678
102	461	0,0008	101,9888
112	461	0,0008	101,4037
122	461	0,0007	99,5214
132	461	0,0007	99,5994
142	461	0,0011	99,6695
152	461	0,0011	102,037
162	461	0,001	100,001
172	461	0,001	102,3809
182	461	0,0009	101,5419
192	461	0,0009	99,2601
202	461	0,0008	100,7978
212	461	0,0008	98,1949
222	461	0,0008	99,7652
232	461	0,0007	97,7689
242	461	0,0007	97,6644
252	461	0,0007	98,0667
262	461	0,0007	102,1967
272	461	0,0007	98,135
282	461	0,0009	100,1938
292	461	0,0008	98,3783
302	461	0,0008	98,9017
312	461	0,0008	100,9398
322	461	0,0008	101,1748
332	461	0,0008	98,9037
342	461	0,0007	98,1279
352	461	0,0007	98,2937
362	461	0,0007	100,9997
372	461	0,0007	100,0227
382	461	0,0007	100,3947
392	461	0,0007	99,7781
402	461	0,0007	98,7897
412	461	0,0008	99,8826
422	461	0,0008	98,6812
432	461	0,0008	100,8108
442	461	0,0008	101,9807
452	461	0,0007	100,8497
462	461	0,0007	100,3467
472	461	0,0007	99,4812
482	461	0,0007	100,7287
492	461	0,0007	99,3876
502	461	0,0007	101,2731
2	471	0,0331	99,0305
12	471	0,0051	100,0843
22	471	0,0033	98,5066
32	471	0,0024	99,2954
42	471	0,0018	100,2465
52	471	0,0015	99,0716
62	471	0,0013	98,9903
72	471	0,0011	100,88
82	471	0,001	101,7639
92	471	0,0009	99,8675
102	471	0,0008	102,2808
112	471	0,0008	100,2027
122	471	0,0007	98,5416
132	471	0,0007	98,6838
142	471	0,0011	100,83
152	471	0,001	99,3349
162	471	0,001	102,1829
172	471	0,0009	98,352
182	471	0,0009	102,2289
192	471	0,0009	99,4598
202	471	0,0008	99,6408
212	471	0,0008	99,6106
222	471	0,0007	100,6397
232	471	0,0007	97,9503
242	471	0,0007	99,0907
252	471	0,0007	98,9888
262	471	0,0007	100,7966
272	471	0,0006	101,0708
282	471	0,0008	102,2178
292	471	0,0008	97,6832
302	471	0,0008	99,811
312	471	0,0008	98,7428
322	471	0,0008	100,2637
332	471	0,0007	100,8147
342	471	0,0007	100,5367
352	471	0,0007	98,0088
362	471	0,0007	102,3857
372	471	0,0007	102,0257
382	471	0,0007	101,3877
392	471	0,0007	101,6486
402	471	0,0006	99,3924
412	471	0,0008	101,1678
422	471	0,0008	99,3505
432	471	0,0008	100,4327
442	471	0,0007	102,3497
452	471	0,0007	97,6795
462	471	0,0007	102,2667
472	471	0,0007	102,0317
482	471	0,0007	98,5306
492	471	0,0007	101,9947
502	471	0,0007	99,0219
2	481	0,0321	100,675
12	481	0,005	99,1077
22	481	0,0034	102,1313
32	481	0,0023	101,1218
42	481	0,0018	100,6955
52	481	0,0015	98,6184
62	481	0,0012	99,4162
72	481	0,0011	99,2657
82	481	0,001	98,3347
92	481	0,0009	99,5983
102	481	0,0008	101,5758
112	481	0,0008	99,5765
122	481	0,0007	102,3617
132	481	0,0007	99,8904
142	481	0,0011	97,6124
152	481	0,001	97,8701
162	481	0,001	99,7749
172	481	0,0009	102,1369
182	481	0,0009	101,7568
192	481	0,0008	98,9226
202	481	0,0008	99,0286
212	481	0,0008	100,4237
222	481	0,0007	100,7717
232	481	0,0007	101,9607
242	481	0,0007	100,2727
252	481	0,0007	100,9507
262	481	0,0007	101,7276
272	481	0,0006	99,8035
282	481	0,0008	101,9808
292	481	0,0008	101,2218
302	481	0,0008	101,2928
312	481	0,0008	100,1508
322	481	0,0008	97,826
332	481	0,0007	100,9227
342	481	0,0007	98,7704
352	481	0,0007	101,0207
362	481	0,0007	102,0397
372	481	0,0007	100,6857
382	481	0,0007	97,785
392	481	0,0007	97,8731
402	481	0,0006	97,7831
412	481	0,0008	101,8597
422	481	0,0007	99,9489
432	481	0,0006	97,6439
442	481	0,0006	99,2492
452	481	0,0006	100,0606
462	481	0,0006	98,0131
472	481	0,0007	101,5237
482	481	0,0007	99,6966
492	481	0,0007	102,2687
502	481	0,0007	97,9752
2	491	0,0309	101,2289
12	491	0,0049	100,1943
22	491	0,0033	101,2179
32	491	0,0019	100,6855
42	491	0,0015	97,9641
52	491	0,0012	99,6671
62	491	0,001	99,9114
72	491	0,0009	100,267
82	491	0,001	99,1473
92	491	0,0009	98,6324
102	491	0,0008	99,0588
112	491	0,0008	101,7977
122	491	0,0007	98,9576
132	491	0,0007	102,4811
142	491	0,0011	98,0674
152	491	0,001	102,4769
162	491	0,0009	102,0189
172	491	0,0009	101,2519
182	491	0,0009	97,7616
192	491	0,0008	102,3918
202	491	0,0008	101,5338
212	491	0,0008	102,1207
222	491	0,0007	99,8398
232	491	0,0007	101,6777
242	491	0,0007	98,8694
252	491	0,0007	102,3997
262	491	0,0007	102,1896
272	491	0,0006	97,892
282	491	0,0008	99,5954
292	491	0,0008	101,9588
302	491	0,0008	98,3363
312	491	0,0008	98,319
322	491	0,0007	99,6493
332	491	0,0007	102,0517
342	491	0,0007	101,5027
352	491	0,0007	100,1117
362	491	0,0007	99,2182
372	491	0,0007	98,9133
382	491	0,0006	97,8776
392	491	0,0006	100,8646
402	491	0,0006	100,0447
412	491	0,0007	99,4357
422	491	0,0007	100,1617
432	491	0,0007	101,5017
442	491	0,0007	99,4153
452	491	0,0007	100,7276
462	491	0,0006	101,4786
472	491	0,0006	98,9335
482	491	0,0006	99,4787
492	491	0,0006	101,7397
502	491	0,0007	98,8536
2	501	0,0299	98,5163
12	501	0,0048	101,3622
22	501	0,0032	101,1652
32	501	0,0022	97,69
42	501	0,0017	97,7287
52	501	0,0014	101,0632
62	501	0,0012	102,3781
72	501	0,0011	98,1195
82	501	0,001	98,1571
92	501	0,0009	101,8358
102	501	0,0008	98,9547
112	501	0,0007	98,9752
122	501	0,0007	98,9841
132	501	0,0006	98,5063
142	501	0,001	97,9777
152	501	0,001	101,5959
162	501	0,0009	100,2239
172	501	0,0009	99,3902
182	501	0,0008	101,9728
192	501	0,0008	98,5875
202	501	0,0008	101,9347
212	501	0,0007	98,9077
222	501	0,0007	101,2477
232	501	0,0007	100,9357
242	501	0,0007	100,8227
252	501	0,0007	99,4748
262	501	0,0006	99,9132
272	501	0,0006	102,2548
282	501	0,0008	101,4528
292	501	0,0008	99,152
302	501	0,0008	98,5789
312	501	0,0007	102,4646
322	501	0,0006	98,0104
332	501	0,0006	102,2416
342	501	0,0006	97,6528
352	501	0,0007	98,2377
362	501	0,0007	100,8037
372	501	0,0007	97,5302
382	501	0,0006	98,8561
392	501	0,0006	101,4596
402	501	0,0006	101,8657
412	501	0,0007	100,3107
422	501	0,0007	97,9341
432	501	0,0007	98,3488
442	501	0,0007	101,3157
452	501	0,0007	98,4108
462	501	0,0007	102,4437
472	501	0,0007	99,0384
482	501	0,0007	100,3006
492	501	0,0006	101,9156
502	501	0,0006	100,1548
2	511	0,0308	99,7379
12	511	0,0047	98,3273
22	511	0,0053	98,8735
32	511	0,0018	98,1696
42	511	0,0014	101,6452
52	511	0,0012	100,847
62	511	0,001	100,5821
72	511	0,0011	101,3989
82	511	0,0009	99,7991
92	511	0,0009	102,2327
102	511	0,0007	102,4766
112	511	0,0006	99,7626
122	511	0,0006	97,7423
132	511	0,0006	102,2179
142	511	0,0009	99,9151
152	511	0,001	98,4797
162	511	0,0009	100,5207
172	511	0,0007	99,9444
182	511	0,0007	99,835
192	511	0,0007	99,4795
202	511	0,0007	99,3089
212	511	0,0007	97,6445
222	511	0,0007	99,9128
232	511	0,0007	100,1567
242	511	0,0007	101,4596
252	511	0,0006	100,8226
262	511	0,0006	100,0996
272	511	0,0006	97,9971
282	511	0,0008	98,6224
292	511	0,0007	99,515
302	511	0,0007	100,6217
312	511	0,0007	100,8556
322	511	0,0006	100,3366
332	511	0,0006	101,9927
342	511	0,0007	101,5236
352	511	0,0006	99,4806
362	511	0,0006	100,3386
372	511	0,0006	99,6044
382	511	0,0005	98,3785
392	511	0,0005	97,637
402	511	0,0006	99,3366
412	511	0,0007	98,355
422	511	0,0007	99,8991
432	511	0,0007	99,5783
442	511	0,0007	98,0723
452	511	0,0007	102,3137
462	511	0,0007	100,5567
472	511	0,0007	101,0926
482	511	0,0006	99,7569
492	511	0,0006	97,8913
