2 1 2.2720
12 1 0.7918
22 1 0.6516
32 1 0.6129
42 1 0.4296
52 1 0.4127
62 1 0.4112
72 1 0.2247
82 1 0.2208
92 1 0.2169
102 1 0.2131
112 1 0.2208
122 1 0.2253
132 1 0.1542
142 1 0.1470
152 1 0.1479
162 1 0.1473
172 1 0.1467
182 1 0.1435
192 1 0.1397
202 1 0.1119
212 1 0.1106
222 1 0.1087
232 1 0.1072
242 1 0.1056
252 1 0.1043
262 1 0.0953
272 1 0.0947
282 1 0.0939
292 1 0.0922
302 1 0.0882
312 1 0.0855
322 1 0.0824
332 1 0.0789
342 1 0.0766
352 1 0.0744
362 1 0.0724
372 1 0.0705
382 1 0.0691
392 1 0.0673
402 1 0.0653
412 1 0.0639
422 1 0.0625
432 1 0.0608
442 1 0.0597
452 1 0.0587
462 1 0.0569
472 1 0.0558
482 1 0.0545
492 1 0.0536
502 1 0.0527
2 11 0.7172
12 11 0.1779
22 11 0.1076
32 11 0.0731
42 11 0.0555
52 11 0.0469
62 11 0.0392
72 11 0.0334
82 11 0.0293
92 11 0.0261
102 11 0.0237
112 11 0.0215
122 11 0.0199
132 11 0.0185
142 11 0.0172
152 11 0.0160
162 11 0.0150
172 11 0.0141
182 11 0.0133
192 11 0.0133
202 11 0.0120
212 11 0.0114
222 11 0.0110
232 11 0.0105
242 11 0.0101
252 11 0.0097
262 11 0.0093
272 11 0.0090
282 11 0.0086
292 11 0.0083
302 11 0.0083
312 11 0.0093
322 11 0.0078
332 11 0.0074
342 11 0.0071
352 11 0.0069
362 11 0.0067
372 11 0.0066
382 11 0.0064
392 11 0.0062
402 11 0.0061
412 11 0.0059
422 11 0.0058
432 11 0.0068
442 11 0.0061
452 11 0.0057
462 11 0.0055
472 11 0.0063
482 11 0.0058
492 11 0.0056
502 11 0.0055
2 21 0.4672
12 21 0.1083
22 21 0.0575
32 21 0.0400
42 21 0.0304
52 21 0.0242
62 21 0.0204
72 21 0.0175
82 21 0.0158
92 21 0.0139
102 21 0.0126
112 21 0.0114
122 21 0.0104
132 21 0.0096
142 21 0.0089
152 21 0.0084
162 21 0.0080
172 21 0.0074
182 21 0.0070
192 21 0.0070
202 21 0.0063
212 21 0.0061
222 21 0.0058
232 21 0.0055
242 21 0.0058
252 21 0.0062
262 21 0.0058
272 21 0.0053
282 21 0.0053
292 21 0.0055
302 21 0.0053
312 21 0.0051
322 21 0.0050
332 21 0.0048
342 21 0.0047
352 21 0.0046
362 21 0.0045
372 21 0.0043
382 21 0.0041
392 21 0.0040
402 21 0.0039
412 21 0.0039
422 21 0.0037
432 21 0.0037
442 21 0.0036
452 21 0.0035
462 21 0.0035
472 21 0.0033
482 21 0.0033
492 21 0.0032
502 21 0.0031
2 31 0.4397
12 31 0.0734
22 31 0.0396
32 31 0.0271
42 31 0.0204
52 31 0.0164
62 31 0.0139
72 31 0.0119
82 31 0.0107
92 31 0.0095
102 31 0.0084
112 31 0.0077
122 31 0.0071
132 31 0.0065
142 31 0.0062
152 31 0.0058
162 31 0.0055
172 31 0.0051
182 31 0.0060
192 31 0.0056
202 31 0.0052
212 31 0.0049
222 31 0.0049
232 31 0.0046
242 31 0.0044
252 31 0.0043
262 31 0.0042
272 31 0.0040
282 31 0.0039
292 31 0.0038
302 31 0.0036
312 31 0.0036
322 31 0.0035
332 31 0.0033
342 31 0.0032
352 31 0.0031
362 31 0.0030
372 31 0.0030
382 31 0.0029
392 31 0.0028
402 31 0.0027
412 31 0.0027
422 31 0.0026
432 31 0.0025
442 31 0.0025
452 31 0.0025
462 31 0.0024
472 31 0.0023
482 31 0.0023
492 31 0.0023
502 31 0.0022
2 41 0.2946
12 41 0.0558
22 41 0.0296
32 41 0.0204
42 41 0.0155
52 41 0.0124
62 41 0.0104
72 41 0.0091
82 41 0.0081
92 41 0.0072
102 41 0.0064
112 41 0.0058
122 41 0.0065
132 41 0.0056
142 41 0.0054
152 41 0.0053
162 41 0.0049
172 41 0.0046
182 41 0.0044
192 41 0.0045
202 41 0.0040
212 41 0.0039
222 41 0.0036
232 41 0.0035
242 41 0.0034
252 41 0.0032
262 41 0.0031
272 41 0.0030
282 41 0.0030
292 41 0.0029
302 41 0.0027
312 41 0.0026
322 41 0.0025
332 41 0.0025
342 41 0.0024
352 41 0.0024
362 41 0.0023
372 41 0.0022
382 41 0.0022
392 41 0.0021
402 41 0.0021
412 41 0.0021
422 41 0.0020
432 41 0.0019
442 41 0.0019
452 41 0.0018
462 41 0.0019
472 41 0.0018
482 41 0.0018
492 41 0.0017
502 41 0.0017
2 51 0.2532
12 51 0.0444
22 51 0.0237
32 51 0.0164
42 51 0.0125
52 51 0.0100
62 51 0.0084
72 51 0.0075
82 51 0.0065
92 51 0.0069
102 51 0.0057
112 51 0.0053
122 51 0.0053
132 51 0.0049
142 51 0.0047
152 51 0.0043
162 51 0.0040
172 51 0.0038
182 51 0.0037
192 51 0.0036
202 51 0.0033
212 51 0.0032
222 51 0.0030
232 51 0.0029
242 51 0.0027
252 51 0.0026
262 51 0.0025
272 51 0.0025
282 51 0.0024
292 51 0.0023
302 51 0.0022
312 51 0.0021
322 51 0.0021
332 51 0.0020
342 51 0.0020
352 51 0.0020
362 51 0.0019
372 51 0.0018
382 51 0.0018
392 51 0.0018
402 51 0.0017
412 51 0.0017
422 51 0.0016
432 51 0.0016
442 51 0.0016
452 51 0.0015
462 51 0.0015
472 51 0.0015
482 51 0.0015
492 51 0.0014
502 51 0.0014
2 61 0.2283
12 61 0.0367
22 61 0.0201
32 61 0.0137
42 61 0.0108
52 61 0.0084
62 61 0.0086
72 61 0.0065
82 61 0.0054
92 61 0.0048
102 61 0.0052
112 61 0.0048
122 61 0.0044
132 61 0.0041
142 61 0.0039
152 61 0.0038
162 61 0.0034
172 61 0.0033
182 61 0.0031
192 61 0.0030
202 61 0.0027
212 61 0.0027
222 61 0.0026
232 61 0.0025
242 61 0.0024
252 61 0.0023
262 61 0.0022
272 61 0.0021
282 61 0.0020
292 61 0.0020
302 61 0.0019
312 61 0.0019
322 61 0.0018
332 61 0.0017
342 61 0.0017
352 61 0.0017
362 61 0.0016
372 61 0.0016
382 61 0.0015
392 61 0.0015
402 61 0.0015
412 61 0.0014
422 61 0.0014
432 61 0.0014
442 61 0.0013
452 61 0.0013
462 61 0.0013
472 61 0.0013
482 61 0.0012
492 61 0.0012
502 61 0.0012
2 71 0.2000
12 71 0.0331
22 71 0.0180
32 71 0.0124
42 71 0.0095
52 71 0.0077
62 71 0.0064
72 71 0.0056
82 71 0.0060
92 71 0.0051
102 71 0.0046
112 71 0.0044
122 71 0.0040
132 71 0.0037
142 71 0.0035
152 71 0.0033
162 71 0.0031
172 71 0.0029
182 71 0.0028
192 71 0.0026
202 71 0.0025
212 71 0.0023
222 71 0.0022
232 71 0.0021
242 71 0.0021
252 71 0.0020
262 71 0.0019
272 71 0.0018
282 71 0.0018
292 71 0.0017
302 71 0.0017
312 71 0.0016
322 71 0.0016
332 71 0.0015
342 71 0.0015
352 71 0.0015
362 71 0.0014
372 71 0.0014
382 71 0.0014
392 71 0.0013
402 71 0.0013
412 71 0.0013
422 71 0.0012
432 71 0.0012
442 71 0.0012
452 71 0.0012
462 71 0.0011
472 71 0.0011
482 71 0.0011
492 71 0.0011
502 71 0.0011
2 81 0.1756
12 81 0.0279
22 81 0.0151
32 81 0.0110
42 81 0.0079
52 81 0.0064
62 81 0.0053
72 81 0.0060
82 81 0.0050
92 81 0.0045
102 81 0.0042
112 81 0.0038
122 81 0.0035
132 81 0.0033
142 81 0.0031
152 81 0.0029
162 81 0.0027
172 81 0.0026
182 81 0.0024
192 81 0.0023
202 81 0.0022
212 81 0.0021
222 81 0.0020
232 81 0.0019
242 81 0.0018
252 81 0.0018
262 81 0.0017
272 81 0.0016
282 81 0.0016
292 81 0.0015
302 81 0.0015
312 81 0.0014
322 81 0.0014
332 81 0.0014
342 81 0.0013
352 81 0.0013
362 81 0.0013
372 81 0.0012
382 81 0.0012
392 81 0.0012
402 81 0.0011
412 81 0.0011
422 81 0.0011
432 81 0.0011
442 81 0.0011
452 81 0.0010
462 81 0.0010
472 81 0.0010
482 81 0.0010
492 81 0.0010
502 81 0.0009
2 91 0.1550
12 91 0.0252
22 91 0.0138
32 91 0.0092
42 91 0.0073
52 91 0.0058
62 91 0.0050
72 91 0.0044
82 91 0.0047
92 91 0.0042
102 91 0.0038
112 91 0.0034
122 91 0.0032
132 91 0.0029
142 91 0.0027
152 91 0.0026
162 91 0.0024
172 91 0.0023
182 91 0.0022
192 91 0.0021
202 91 0.0019
212 91 0.0018
222 91 0.0018
232 91 0.0017
242 91 0.0016
252 91 0.0016
262 91 0.0015
272 91 0.0015
282 91 0.0014
292 91 0.0014
302 91 0.0013
312 91 0.0013
322 91 0.0013
332 91 0.0012
342 91 0.0012
352 91 0.0012
362 91 0.0011
372 91 0.0011
382 91 0.0011
392 91 0.0011
402 91 0.0010
412 91 0.0010
422 91 0.0010
432 91 0.0010
442 91 0.0009
452 91 0.0009
462 91 0.0009
472 91 0.0009
482 91 0.0009
492 91 0.0009
502 91 0.0009
2 101 0.1409
12 101 0.0233
22 101 0.0127
32 101 0.0088
42 101 0.0067
52 101 0.0054
62 101 0.0046
72 101 0.0048
82 101 0.0042
92 101 0.0037
102 101 0.0034
112 101 0.0031
122 101 0.0028
132 101 0.0026
142 101 0.0025
152 101 0.0023
162 101 0.0022
172 101 0.0021
182 101 0.0019
192 101 0.0019
202 101 0.0018
212 101 0.0017
222 101 0.0016
232 101 0.0015
242 101 0.0015
252 101 0.0014
262 101 0.0014
272 101 0.0013
282 101 0.0013
292 101 0.0013
302 101 0.0012
312 101 0.0012
322 101 0.0011
332 101 0.0011
342 101 0.0011
352 101 0.0011
362 101 0.0010
372 101 0.0010
382 101 0.0010
392 101 0.0010
402 101 0.0009
412 101 0.0009
422 101 0.0009
432 101 0.0009
442 101 0.0009
452 101 0.0009
462 101 0.0009
472 101 0.0008
482 101 0.0008
492 101 0.0008
502 101 0.0008
2 111 0.1297
12 111 0.0212
22 111 0.0116
32 111 0.0080
42 111 0.0061
52 111 0.0049
62 111 0.0041
72 111 0.0044
82 111 0.0038
92 111 0.0034
102 111 0.0031
112 111 0.0028
122 111 0.0026
132 111 0.0024
142 111 0.0023
152 111 0.0021
162 111 0.0020
172 111 0.0019
182 111 0.0018
192 111 0.0017
202 111 0.0016
212 111 0.0015
222 111 0.0015
232 111 0.0014
242 111 0.0014
252 111 0.0013
262 111 0.0013
272 111 0.0012
282 111 0.0012
292 111 0.0012
302 111 0.0011
312 111 0.0011
322 111 0.0011
332 111 0.0010
342 111 0.0010
352 111 0.0010
362 111 0.0010
372 111 0.0009
382 111 0.0009
392 111 0.0009
402 111 0.0009
412 111 0.0009
422 111 0.0009
432 111 0.0008
442 111 0.0008
452 111 0.0008
462 111 0.0008
472 111 0.0008
482 111 0.0008
492 111 0.0008
502 111 0.0007
2 121 0.1184
12 121 0.0196
22 121 0.0107
32 121 0.0090
42 121 0.0069
52 121 0.0053
62 121 0.0047
72 121 0.0040
82 121 0.0035
92 121 0.0032
102 121 0.0029
112 121 0.0026
122 121 0.0024
132 121 0.0022
142 121 0.0021
152 121 0.0019
162 121 0.0018
172 121 0.0017
182 121 0.0016
192 121 0.0016
202 121 0.0015
212 121 0.0014
222 121 0.0014
232 121 0.0013
242 121 0.0013
252 121 0.0012
262 121 0.0012
272 121 0.0011
282 121 0.0011
292 121 0.0011
302 121 0.0010
312 121 0.0010
322 121 0.0010
332 121 0.0010
342 121 0.0009
352 121 0.0009
362 121 0.0009
372 121 0.0009
382 121 0.0009
392 121 0.0008
402 121 0.0008
412 121 0.0008
422 121 0.0008
432 121 0.0008
442 121 0.0008
452 121 0.0007
462 121 0.0007
472 121 0.0007
482 121 0.0007
492 121 0.0007
502 121 0.0007
2 131 0.1082
12 131 0.0180
22 131 0.0099
32 131 0.0068
42 131 0.0052
52 131 0.0043
62 131 0.0043
72 131 0.0037
82 131 0.0033
92 131 0.0029
102 131 0.0026
112 131 0.0024
122 131 0.0022
132 131 0.0021
142 131 0.0019
152 131 0.0018
162 131 0.0017
172 131 0.0016
182 131 0.0015
192 131 0.0015
202 131 0.0014
212 131 0.0013
222 131 0.0013
232 131 0.0012
242 131 0.0012
252 131 0.0011
262 131 0.0011
272 131 0.0011
282 131 0.0011
292 131 0.0010
302 131 0.0010
312 131 0.0010
322 131 0.0009
332 131 0.0009
342 131 0.0009
352 131 0.0009
362 131 0.0009
372 131 0.0008
382 131 0.0008
392 131 0.0008
402 131 0.0008
412 131 0.0013
422 131 0.0013
432 131 0.0013
442 131 0.0013
452 131 0.0012
462 131 0.0012
472 131 0.0012
482 131 0.0012
492 131 0.0011
502 131 0.0011
2 141 0.1025
12 141 0.0168
22 141 0.0092
32 141 0.0063
42 141 0.0048
52 141 0.0039
62 141 0.0040
72 141 0.0035
82 141 0.0031
92 141 0.0027
102 141 0.0025
112 141 0.0023
122 141 0.0021
132 141 0.0019
142 141 0.0018
152 141 0.0017
162 141 0.0016
172 141 0.0015
182 141 0.0014
192 141 0.0014
202 141 0.0013
212 141 0.0013
222 141 0.0012
232 141 0.0011
242 141 0.0011
252 141 0.0011
262 141 0.0010
272 141 0.0010
282 141 0.0010
292 141 0.0010
302 141 0.0009
312 141 0.0009
322 141 0.0009
332 141 0.0008
342 141 0.0008
352 141 0.0008
362 141 0.0008
372 141 0.0008
382 141 0.0008
392 141 0.0007
402 141 0.0007
412 141 0.0012
422 141 0.0012
432 141 0.0012
442 141 0.0012
452 141 0.0011
462 141 0.0011
472 141 0.0011
482 141 0.0011
492 141 0.0011
502 141 0.0011
2 151 0.0952
12 151 0.0156
22 151 0.0086
32 151 0.0059
42 151 0.0045
52 151 0.0045
62 151 0.0037
72 151 0.0032
82 151 0.0028
92 151 0.0025
102 151 0.0023
112 151 0.0021
122 151 0.0019
132 151 0.0018
142 151 0.0017
152 151 0.0016
162 151 0.0015
172 151 0.0014
182 151 0.0013
192 151 0.0013
202 151 0.0012
212 151 0.0012
222 151 0.0011
232 151 0.0011
242 151 0.0011
252 151 0.0010
262 151 0.0010
272 151 0.0009
282 151 0.0009
292 151 0.0009
302 151 0.0009
312 151 0.0008
322 151 0.0008
332 151 0.0008
342 151 0.0008
352 151 0.0008
362 151 0.0008
372 151 0.0007
382 151 0.0007
392 151 0.0007
402 151 0.0007
412 151 0.0012
422 151 0.0011
432 151 0.0011
442 151 0.0011
452 151 0.0011
462 151 0.0011
472 151 0.0010
482 151 0.0010
492 151 0.0010
502 151 0.0010
2 161 0.0913
12 161 0.0148
22 161 0.0081
32 161 0.0056
42 161 0.0048
52 161 0.0042
62 161 0.0036
72 161 0.0031
82 161 0.0027
92 161 0.0024
102 161 0.0022
112 161 0.0020
122 161 0.0018
132 161 0.0017
142 161 0.0016
152 161 0.0015
162 161 0.0014
172 161 0.0013
182 161 0.0013
192 161 0.0012
202 161 0.0011
212 161 0.0011
222 161 0.0011
232 161 0.0010
242 161 0.0010
252 161 0.0010
262 161 0.0009
272 161 0.0009
282 161 0.0009
292 161 0.0009
302 161 0.0008
312 161 0.0008
322 161 0.0008
332 161 0.0008
342 161 0.0013
352 161 0.0013
362 161 0.0012
372 161 0.0012
382 161 0.0012
392 161 0.0012
402 161 0.0011
412 161 0.0011
422 161 0.0011
432 161 0.0011
442 161 0.0010
452 161 0.0010
462 161 0.0010
472 161 0.0010
482 161 0.0010
492 161 0.0010
502 161 0.0009
2 171 0.0850
12 171 0.0140
22 171 0.0076
32 171 0.0053
42 171 0.0048
52 171 0.0040
62 171 0.0033
72 171 0.0029
82 171 0.0025
92 171 0.0023
102 171 0.0020
112 171 0.0019
122 171 0.0017
132 171 0.0016
142 171 0.0015
152 171 0.0014
162 171 0.0013
172 171 0.0013
182 171 0.0012
192 171 0.0012
202 171 0.0011
212 171 0.0011
222 171 0.0010
232 171 0.0010
242 171 0.0009
252 171 0.0009
262 171 0.0009
272 171 0.0008
282 171 0.0008
292 171 0.0008
302 171 0.0008
312 171 0.0008
322 171 0.0008
332 171 0.0007
342 171 0.0012
352 171 0.0012
362 171 0.0012
372 171 0.0012
382 171 0.0011
392 171 0.0011
402 171 0.0011
412 171 0.0011
422 171 0.0010
432 171 0.0010
442 171 0.0010
452 171 0.0010
462 171 0.0010
472 171 0.0009
482 171 0.0009
492 171 0.0009
502 171 0.0009
2 181 0.0809
12 181 0.0132
22 181 0.0072
32 181 0.0050
42 181 0.0038
52 181 0.0038
62 181 0.0032
72 181 0.0027
82 181 0.0024
92 181 0.0021
102 181 0.0019
112 181 0.0018
122 181 0.0016
132 181 0.0015
142 181 0.0014
152 181 0.0013
162 181 0.0013
172 181 0.0012
182 181 0.0011
192 181 0.0011
202 181 0.0010
212 181 0.0010
222 181 0.0010
232 181 0.0009
242 181 0.0009
252 181 0.0009
262 181 0.0008
272 181 0.0008
282 181 0.0008
292 181 0.0008
302 181 0.0008
312 181 0.0007
322 181 0.0007
332 181 0.0007
342 181 0.0012
352 181 0.0011
362 181 0.0011
372 181 0.0011
382 181 0.0011
392 181 0.0010
402 181 0.0010
412 181 0.0010
422 181 0.0010
432 181 0.0010
442 181 0.0009
452 181 0.0009
462 181 0.0009
472 181 0.0009
482 181 0.0009
492 181 0.0009
502 181 0.0008
2 191 0.0763
12 191 0.0125
22 191 0.0068
32 191 0.0047
42 191 0.0036
52 191 0.0036
62 191 0.0030
72 191 0.0026
82 191 0.0023
92 191 0.0020
102 191 0.0018
112 191 0.0017
122 191 0.0016
132 191 0.0014
142 191 0.0014
152 191 0.0013
162 191 0.0012
172 191 0.0011
182 191 0.0011
192 191 0.0010
202 191 0.0010
212 191 0.0010
222 191 0.0009
232 191 0.0009
242 191 0.0009
252 191 0.0008
262 191 0.0008
272 191 0.0008
282 191 0.0008
292 191 0.0007
302 191 0.0007
312 191 0.0007
322 191 0.0007
332 191 0.0007
342 191 0.0011
352 191 0.0011
362 191 0.0011
372 191 0.0010
382 191 0.0010
392 191 0.0010
402 191 0.0010
412 191 0.0010
422 191 0.0009
432 191 0.0009
442 191 0.0009
452 191 0.0009
462 191 0.0009
472 191 0.0008
482 191 0.0008
492 191 0.0008
502 191 0.0008
2 201 0.0724
12 201 0.0118
22 201 0.0065
32 201 0.0054
42 201 0.0042
52 201 0.0034
62 201 0.0028
72 201 0.0025
82 201 0.0022
92 201 0.0019
102 201 0.0018
112 201 0.0016
122 201 0.0015
132 201 0.0014
142 201 0.0013
152 201 0.0012
162 201 0.0012
172 201 0.0011
182 201 0.0010
192 201 0.0010
202 201 0.0009
212 201 0.0009
222 201 0.0009
232 201 0.0009
242 201 0.0008
252 201 0.0008
262 201 0.0008
272 201 0.0008
282 201 0.0013
292 201 0.0012
302 201 0.0012
312 201 0.0012
322 201 0.0011
332 201 0.0011
342 201 0.0011
352 201 0.0010
362 201 0.0010
372 201 0.0010
382 201 0.0010
392 201 0.0010
402 201 0.0009
412 201 0.0009
422 201 0.0009
432 201 0.0009
442 201 0.0009
452 201 0.0008
462 201 0.0007
472 201 0.0007
482 201 0.0007
492 201 0.0008
502 201 0.0008
2 211 0.0689
12 211 0.0112
22 211 0.0062
32 211 0.0042
42 211 0.0032
52 211 0.0032
62 211 0.0027
72 211 0.0024
82 211 0.0021
92 211 0.0019
102 211 0.0017
112 211 0.0015
122 211 0.0014
132 211 0.0013
142 211 0.0012
152 211 0.0012
162 211 0.0011
172 211 0.0011
182 211 0.0010
192 211 0.0010
202 211 0.0009
212 211 0.0009
222 211 0.0009
232 211 0.0008
242 211 0.0008
252 211 0.0008
262 211 0.0007
272 211 0.0007
282 211 0.0012
292 211 0.0012
302 211 0.0011
312 211 0.0011
322 211 0.0011
332 211 0.0011
342 211 0.0010
352 211 0.0010
362 211 0.0010
372 211 0.0010
382 211 0.0009
392 211 0.0009
402 211 0.0009
412 211 0.0009
422 211 0.0009
432 211 0.0008
442 211 0.0008
452 211 0.0008
462 211 0.0008
472 211 0.0008
482 211 0.0008
492 211 0.0008
502 211 0.0008
2 221 0.0659
12 221 0.0107
22 221 0.0072
32 221 0.0050
42 221 0.0038
52 221 0.0031
62 221 0.0026
72 221 0.0023
82 221 0.0020
92 221 0.0018
102 221 0.0016
112 221 0.0015
122 221 0.0014
132 221 0.0013
142 221 0.0012
152 221 0.0011
162 221 0.0011
172 221 0.0010
182 221 0.0010
192 221 0.0009
202 221 0.0009
212 221 0.0009
222 221 0.0008
232 221 0.0008
242 221 0.0008
252 221 0.0007
262 221 0.0007
272 221 0.0007
282 221 0.0012
292 221 0.0011
302 221 0.0011
312 221 0.0011
322 221 0.0010
332 221 0.0010
342 221 0.0010
352 221 0.0010
362 221 0.0009
372 221 0.0009
382 221 0.0009
392 221 0.0009
402 221 0.0009
412 221 0.0008
422 221 0.0008
432 221 0.0008
442 221 0.0008
452 221 0.0008
462 221 0.0008
472 221 0.0008
482 221 0.0007
492 221 0.0007
502 221 0.0007
2 231 0.0631
12 231 0.0103
22 231 0.0057
32 231 0.0048
42 231 0.0036
52 231 0.0030
62 231 0.0025
72 231 0.0022
82 231 0.0019
92 231 0.0017
102 231 0.0015
112 231 0.0014
122 231 0.0013
132 231 0.0012
142 231 0.0012
152 231 0.0011
162 231 0.0010
172 231 0.0010
182 231 0.0009
192 231 0.0009
202 231 0.0009
212 231 0.0008
222 231 0.0008
232 231 0.0008
242 231 0.0008
252 231 0.0007
262 231 0.0007
272 231 0.0007
282 231 0.0011
292 231 0.0011
302 231 0.0011
312 231 0.0010
322 231 0.0010
332 231 0.0010
342 231 0.0010
352 231 0.0009
362 231 0.0009
372 231 0.0009
382 231 0.0009
392 231 0.0009
402 231 0.0008
412 231 0.0008
422 231 0.0008
432 231 0.0008
442 231 0.0008
452 231 0.0008
462 231 0.0007
472 231 0.0007
482 231 0.0007
492 231 0.0007
502 231 0.0007
2 241 0.0610
12 241 0.0099
22 241 0.0054
32 241 0.0037
42 241 0.0035
52 241 0.0028
62 241 0.0024
72 241 0.0021
82 241 0.0018
92 241 0.0016
102 241 0.0012
112 241 0.0011
122 241 0.0013
132 241 0.0012
142 241 0.0011
152 241 0.0010
162 241 0.0010
172 241 0.0009
182 241 0.0009
192 241 0.0009
202 241 0.0008
212 241 0.0008
222 241 0.0008
232 241 0.0008
242 241 0.0007
252 241 0.0007
262 241 0.0007
272 241 0.0007
282 241 0.0011
292 241 0.0011
302 241 0.0010
312 241 0.0010
322 241 0.0010
332 241 0.0009
342 241 0.0009
352 241 0.0009
362 241 0.0009
372 241 0.0009
382 241 0.0008
392 241 0.0008
402 241 0.0008
412 241 0.0008
422 241 0.0008
432 241 0.0008
442 241 0.0007
452 241 0.0007
462 241 0.0007
472 241 0.0007
482 241 0.0007
492 241 0.0007
502 241 0.0007
2 251 0.0601
12 251 0.0095
22 251 0.0052
32 251 0.0044
42 251 0.0034
52 251 0.0027
62 251 0.0023
72 251 0.0020
82 251 0.0018
92 251 0.0016
102 251 0.0014
112 251 0.0013
122 251 0.0012
132 251 0.0011
142 251 0.0011
152 251 0.0010
162 251 0.0010
172 251 0.0009
182 251 0.0009
192 251 0.0008
202 251 0.0008
212 251 0.0008
222 251 0.0008
232 251 0.0007
242 251 0.0007
252 251 0.0007
262 251 0.0006
272 251 0.0006
282 251 0.0011
292 251 0.0010
302 251 0.0010
312 251 0.0010
322 251 0.0009
332 251 0.0009
342 251 0.0009
352 251 0.0009
362 251 0.0008
372 251 0.0008
382 251 0.0008
392 251 0.0008
402 251 0.0008
412 251 0.0008
422 251 0.0007
432 251 0.0006
442 251 0.0007
452 251 0.0007
462 251 0.0007
472 251 0.0007
482 251 0.0007
492 251 0.0007
502 251 0.0007
2 261 0.0548
12 261 0.0091
22 261 0.0050
32 261 0.0037
42 261 0.0032
52 261 0.0026
62 261 0.0022
72 261 0.0019
82 261 0.0017
92 261 0.0015
102 261 0.0014
112 261 0.0013
122 261 0.0012
132 261 0.0011
142 261 0.0010
152 261 0.0010
162 261 0.0009
172 261 0.0009
182 261 0.0008
192 261 0.0008
202 261 0.0008
212 261 0.0013
222 261 0.0012
232 261 0.0012
242 261 0.0012
252 261 0.0011
262 261 0.0011
272 261 0.0010
282 261 0.0010
292 261 0.0010
302 261 0.0010
312 261 0.0009
322 261 0.0009
332 261 0.0009
342 261 0.0009
352 261 0.0008
362 261 0.0008
372 261 0.0008
382 261 0.0008
392 261 0.0008
402 261 0.0008
412 261 0.0010
422 261 0.0010
432 261 0.0010
442 261 0.0010
452 261 0.0009
462 261 0.0009
472 261 0.0009
482 261 0.0009
492 261 0.0009
502 261 0.0009
2 271 0.0559
12 271 0.0088
22 271 0.0048
32 271 0.0033
42 271 0.0031
52 271 0.0025
62 271 0.0021
72 271 0.0019
82 271 0.0016
92 271 0.0015
102 271 0.0012
112 271 0.0011
122 271 0.0011
132 271 0.0011
142 271 0.0010
152 271 0.0009
162 271 0.0009
172 271 0.0009
182 271 0.0008
192 271 0.0008
202 271 0.0007
212 271 0.0012
222 271 0.0012
232 271 0.0012
242 271 0.0011
252 271 0.0011
262 271 0.0010
272 271 0.0010
282 271 0.0010
292 271 0.0009
302 271 0.0009
312 271 0.0008
322 271 0.0007
332 271 0.0009
342 271 0.0008
352 271 0.0008
362 271 0.0008
372 271 0.0008
382 271 0.0008
392 271 0.0008
402 271 0.0007
412 271 0.0010
422 271 0.0010
432 271 0.0010
442 271 0.0009
452 271 0.0009
462 271 0.0009
472 271 0.0009
482 271 0.0009
492 271 0.0009
502 271 0.0008
2 281 0.0546
12 281 0.0085
22 281 0.0047
32 281 0.0032
42 281 0.0030
52 281 0.0024
62 281 0.0020
72 281 0.0018
82 281 0.0016
92 281 0.0014
102 281 0.0013
112 281 0.0012
122 281 0.0011
132 281 0.0010
142 281 0.0010
152 281 0.0009
162 281 0.0009
172 281 0.0008
182 281 0.0008
192 281 0.0008
202 281 0.0007
212 281 0.0012
222 281 0.0012
232 281 0.0011
242 281 0.0011
252 281 0.0010
262 281 0.0010
272 281 0.0010
282 281 0.0009
292 281 0.0009
302 281 0.0009
312 281 0.0009
322 281 0.0008
332 281 0.0008
342 281 0.0008
352 281 0.0008
362 281 0.0008
372 281 0.0008
382 281 0.0007
392 281 0.0007
402 281 0.0007
412 281 0.0010
422 281 0.0009
432 281 0.0009
442 281 0.0009
452 281 0.0009
462 281 0.0009
472 281 0.0009
482 281 0.0008
492 281 0.0008
502 281 0.0008
2 291 0.0521
12 291 0.0082
22 291 0.0045
32 291 0.0031
42 291 0.0029
52 291 0.0023
62 291 0.0020
72 291 0.0017
82 291 0.0015
92 291 0.0014
102 291 0.0013
112 291 0.0011
122 291 0.0011
132 291 0.0010
142 291 0.0010
152 291 0.0009
162 291 0.0009
172 291 0.0008
182 291 0.0008
192 291 0.0008
202 291 0.0007
212 291 0.0012
222 291 0.0011
232 291 0.0011
242 291 0.0010
252 291 0.0010
262 291 0.0010
272 291 0.0009
282 291 0.0009
292 291 0.0009
302 291 0.0009
312 291 0.0008
322 291 0.0008
332 291 0.0008
342 291 0.0008
352 291 0.0008
362 291 0.0008
372 291 0.0007
382 291 0.0007
392 291 0.0007
402 291 0.0007
412 291 0.0009
422 291 0.0009
432 291 0.0009
442 291 0.0009
452 291 0.0009
462 291 0.0009
472 291 0.0008
482 291 0.0008
492 291 0.0008
502 291 0.0008
2 301 0.0489
12 301 0.0079
22 301 0.0053
32 301 0.0037
42 301 0.0028
52 301 0.0023
62 301 0.0019
72 301 0.0017
82 301 0.0015
92 301 0.0013
102 301 0.0012
112 301 0.0011
122 301 0.0010
132 301 0.0010
142 301 0.0009
152 301 0.0009
162 301 0.0008
172 301 0.0008
182 301 0.0008
192 301 0.0007
202 301 0.0007
212 301 0.0011
222 301 0.0011
232 301 0.0011
242 301 0.0010
252 301 0.0010
262 301 0.0009
272 301 0.0009
282 301 0.0009
292 301 0.0009
302 301 0.0008
312 301 0.0008
322 301 0.0008
332 301 0.0008
342 301 0.0008
352 301 0.0007
362 301 0.0007
372 301 0.0007
382 301 0.0007
392 301 0.0007
402 301 0.0007
412 301 0.0009
422 301 0.0009
432 301 0.0009
442 301 0.0009
452 301 0.0008
462 301 0.0008
472 301 0.0008
482 301 0.0008
492 301 0.0008
502 301 0.0008
2 311 0.0486
12 311 0.0077
22 311 0.0042
32 311 0.0029
42 311 0.0027
52 311 0.0022
62 311 0.0019
72 311 0.0016
82 311 0.0014
92 311 0.0013
102 311 0.0012
112 311 0.0011
122 311 0.0010
132 311 0.0009
142 311 0.0009
152 311 0.0009
162 311 0.0008
172 311 0.0008
182 311 0.0007
192 311 0.0007
202 311 0.0007
212 311 0.0011
222 311 0.0011
232 311 0.0010
242 311 0.0010
252 311 0.0010
262 311 0.0009
272 311 0.0009
282 311 0.0009
292 311 0.0008
302 311 0.0008
312 311 0.0008
322 311 0.0008
332 311 0.0008
342 311 0.0007
352 311 0.0007
362 311 0.0007
372 311 0.0007
382 311 0.0007
392 311 0.0007
402 311 0.0007
412 311 0.0009
422 311 0.0009
432 311 0.0008
442 311 0.0008
452 311 0.0008
462 311 0.0008
472 311 0.0008
482 311 0.0008
492 311 0.0008
502 311 0.0008
2 321 0.0476
12 321 0.0074
22 321 0.0041
32 321 0.0028
42 321 0.0026
52 321 0.0021
62 321 0.0018
72 321 0.0016
82 321 0.0014
92 321 0.0013
102 321 0.0011
112 321 0.0011
122 321 0.0010
132 321 0.0009
142 321 0.0015
152 321 0.0014
162 321 0.0014
172 321 0.0013
182 321 0.0012
192 321 0.0012
202 321 0.0011
212 321 0.0011
222 321 0.0010
232 321 0.0010
242 321 0.0010
252 321 0.0009
262 321 0.0009
272 321 0.0009
282 321 0.0012
292 321 0.0011
302 321 0.0011
312 321 0.0011
322 321 0.0011
332 321 0.0010
342 321 0.0010
352 321 0.0010
362 321 0.0010
372 321 0.0009
382 321 0.0009
392 321 0.0009
402 321 0.0009
412 321 0.0011
422 321 0.0011
432 321 0.0010
442 321 0.0010
452 321 0.0010
462 321 0.0010
472 321 0.0010
482 321 0.0010
492 321 0.0009
502 321 0.0009
2 331 0.0442
12 331 0.0072
22 331 0.0040
32 331 0.0027
42 331 0.0026
52 331 0.0021
62 331 0.0017
72 331 0.0015
82 331 0.0014
92 331 0.0012
102 331 0.0011
112 331 0.0010
122 331 0.0010
132 331 0.0009
142 331 0.0015
152 331 0.0014
162 331 0.0013
172 331 0.0013
182 331 0.0012
192 331 0.0012
202 331 0.0011
212 331 0.0009
222 331 0.0009
232 331 0.0010
242 331 0.0009
252 331 0.0009
262 331 0.0009
272 331 0.0009
282 331 0.0011
292 331 0.0011
302 331 0.0011
312 331 0.0011
322 331 0.0010
332 331 0.0010
342 331 0.0010
352 331 0.0010
362 331 0.0009
372 331 0.0009
382 331 0.0009
392 331 0.0009
402 331 0.0009
412 331 0.0010
422 331 0.0010
432 331 0.0010
442 331 0.0010
452 331 0.0010
462 331 0.0010
472 331 0.0009
482 331 0.0009
492 331 0.0009
502 331 0.0009
2 341 0.0437
12 341 0.0070
22 341 0.0038
32 341 0.0027
42 341 0.0025
52 341 0.0020
62 341 0.0017
72 341 0.0015
82 341 0.0013
92 341 0.0012
102 341 0.0011
112 341 0.0010
122 341 0.0009
132 341 0.0009
142 341 0.0014
152 341 0.0014
162 341 0.0013
172 341 0.0012
182 341 0.0012
192 341 0.0011
202 341 0.0011
212 341 0.0010
222 341 0.0010
232 341 0.0009
242 341 0.0009
252 341 0.0009
262 341 0.0009
272 341 0.0008
282 341 0.0011
292 341 0.0011
302 341 0.0011
312 341 0.0010
322 341 0.0010
332 341 0.0010
342 341 0.0010
352 341 0.0009
362 341 0.0009
372 341 0.0009
382 341 0.0009
392 341 0.0009
402 341 0.0008
412 341 0.0010
422 341 0.0010
432 341 0.0010
442 341 0.0010
452 341 0.0010
462 341 0.0009
472 341 0.0009
482 341 0.0009
492 341 0.0009
502 341 0.0009
2 351 0.0419
12 351 0.0068
22 351 0.0037
32 351 0.0026
42 351 0.0024
52 351 0.0020
62 351 0.0017
72 351 0.0015
82 351 0.0013
92 351 0.0012
102 351 0.0011
112 351 0.0010
122 351 0.0009
132 351 0.0008
142 351 0.0014
152 351 0.0013
162 351 0.0013
172 351 0.0012
182 351 0.0011
192 351 0.0011
202 351 0.0009
212 351 0.0009
222 351 0.0010
232 351 0.0009
242 351 0.0009
252 351 0.0009
262 351 0.0008
272 351 0.0008
282 351 0.0011
292 351 0.0011
302 351 0.0010
312 351 0.0010
322 351 0.0010
332 351 0.0010
342 351 0.0009
352 351 0.0009
362 351 0.0009
372 351 0.0009
382 351 0.0009
392 351 0.0008
402 351 0.0008
412 351 0.0010
422 351 0.0010
432 351 0.0010
442 351 0.0009
452 351 0.0009
462 351 0.0009
472 351 0.0009
482 351 0.0009
492 351 0.0009
502 351 0.0009
2 361 0.0416
12 361 0.0066
22 361 0.0037
32 361 0.0031
42 361 0.0024
52 361 0.0019
62 361 0.0016
72 361 0.0014
82 361 0.0013
92 361 0.0011
102 361 0.0010
112 361 0.0010
122 361 0.0009
132 361 0.0008
142 361 0.0014
152 361 0.0013
162 361 0.0012
172 361 0.0012
182 361 0.0011
192 361 0.0011
202 361 0.0010
212 361 0.0010
222 361 0.0009
232 361 0.0009
242 361 0.0009
252 361 0.0008
262 361 0.0008
272 361 0.0008
282 361 0.0011
292 361 0.0010
302 361 0.0010
312 361 0.0010
322 361 0.0010
332 361 0.0009
342 361 0.0009
352 361 0.0009
362 361 0.0009
372 361 0.0009
382 361 0.0008
392 361 0.0008
402 361 0.0008
412 361 0.0010
422 361 0.0010
432 361 0.0009
442 361 0.0009
452 361 0.0009
462 361 0.0009
472 361 0.0009
482 361 0.0009
492 361 0.0009
502 361 0.0008
2 371 0.0415
12 371 0.0065
22 371 0.0043
32 371 0.0030
42 371 0.0023
52 371 0.0019
62 371 0.0016
72 371 0.0014
82 371 0.0012
92 371 0.0011
102 371 0.0010
112 371 0.0009
122 371 0.0009
132 371 0.0008
142 371 0.0013
152 371 0.0013
162 371 0.0012
172 371 0.0011
182 371 0.0011
192 371 0.0010
202 371 0.0010
212 371 0.0010
222 371 0.0009
232 371 0.0009
242 371 0.0009
252 371 0.0008
262 371 0.0008
272 371 0.0008
282 371 0.0010
292 371 0.0010
302 371 0.0010
312 371 0.0010
322 371 0.0009
332 371 0.0009
342 371 0.0009
352 371 0.0009
362 371 0.0009
372 371 0.0008
382 371 0.0008
392 371 0.0008
402 371 0.0008
412 371 0.0009
422 371 0.0009
432 371 0.0009
442 371 0.0009
452 371 0.0009
462 371 0.0009
472 371 0.0009
482 371 0.0008
492 371 0.0008
502 371 0.0008
2 381 0.0414
12 381 0.0063
22 381 0.0035
32 381 0.0024
42 381 0.0022
52 381 0.0018
62 381 0.0015
72 381 0.0014
82 381 0.0012
92 381 0.0011
102 381 0.0010
112 381 0.0009
122 381 0.0009
132 381 0.0008
142 381 0.0013
152 381 0.0012
162 381 0.0012
172 381 0.0011
182 381 0.0011
192 381 0.0010
202 381 0.0010
212 381 0.0009
222 381 0.0009
232 381 0.0009
242 381 0.0008
252 381 0.0008
262 381 0.0008
272 381 0.0008
282 381 0.0010
292 381 0.0010
302 381 0.0010
312 381 0.0009
322 381 0.0009
332 381 0.0009
342 381 0.0009
352 381 0.0008
362 381 0.0008
372 381 0.0008
382 381 0.0008
392 381 0.0008
402 381 0.0008
412 381 0.0009
422 381 0.0009
432 381 0.0008
442 381 0.0008
452 381 0.0009
462 381 0.0008
472 381 0.0008
482 381 0.0008
492 381 0.0008
502 381 0.0007
2 391 0.0368
12 391 0.0062
22 391 0.0034
32 391 0.0023
42 391 0.0018
52 391 0.0015
62 391 0.0015
72 391 0.0013
82 391 0.0012
92 391 0.0011
102 391 0.0010
112 391 0.0009
122 391 0.0008
132 391 0.0008
142 391 0.0013
152 391 0.0012
162 391 0.0011
172 391 0.0011
182 391 0.0010
192 391 0.0010
202 391 0.0010
212 391 0.0008
222 391 0.0008
232 391 0.0007
242 391 0.0007
252 391 0.0008
262 391 0.0008
272 391 0.0008
282 391 0.0010
292 391 0.0010
302 391 0.0009
312 391 0.0009
322 391 0.0009
332 391 0.0009
342 391 0.0009
352 391 0.0008
362 391 0.0008
372 391 0.0008
382 391 0.0008
392 391 0.0008
402 391 0.0008
412 391 0.0009
422 391 0.0009
432 391 0.0009
442 391 0.0009
452 391 0.0009
462 391 0.0008
472 391 0.0008
482 391 0.0008
492 391 0.0008
502 391 0.0008
2 401 0.0397
12 401 0.0060
22 401 0.0033
32 401 0.0023
42 401 0.0021
52 401 0.0017
62 401 0.0015
72 401 0.0013
82 401 0.0012
92 401 0.0010
102 401 0.0010
112 401 0.0009
122 401 0.0008
132 401 0.0008
142 401 0.0012
152 401 0.0012
162 401 0.0011
172 401 0.0011
182 401 0.0010
192 401 0.0010
202 401 0.0009
212 401 0.0009
222 401 0.0009
232 401 0.0008
242 401 0.0008
252 401 0.0008
262 401 0.0008
272 401 0.0007
282 401 0.0010
292 401 0.0009
302 401 0.0009
312 401 0.0009
322 401 0.0009
332 401 0.0009
342 401 0.0008
352 401 0.0008
362 401 0.0008
372 401 0.0008
382 401 0.0008
392 401 0.0008
402 401 0.0007
412 401 0.0009
422 401 0.0009
432 401 0.0009
442 401 0.0008
452 401 0.0008
462 401 0.0008
472 401 0.0008
482 401 0.0008
492 401 0.0008
502 401 0.0008
2 411 0.0375
12 411 0.0059
22 411 0.0039
32 411 0.0027
42 411 0.0021
52 411 0.0017
62 411 0.0014
72 411 0.0013
82 411 0.0011
92 411 0.0010
102 411 0.0009
112 411 0.0009
122 411 0.0008
132 411 0.0007
142 411 0.0012
152 411 0.0012
162 411 0.0011
172 411 0.0010
182 411 0.0010
192 411 0.0010
202 411 0.0009
212 411 0.0009
222 411 0.0008
232 411 0.0008
242 411 0.0008
252 411 0.0008
262 411 0.0007
272 411 0.0007
282 411 0.0010
292 411 0.0009
302 411 0.0009
312 411 0.0009
322 411 0.0009
332 411 0.0008
342 411 0.0008
352 411 0.0008
362 411 0.0008
372 411 0.0008
382 411 0.0008
392 411 0.0007
402 411 0.0007
412 411 0.0009
422 411 0.0009
432 411 0.0008
442 411 0.0008
452 411 0.0008
462 411 0.0008
472 411 0.0008
482 411 0.0008
492 411 0.0008
502 411 0.0008
2 421 0.0370
12 421 0.0057
22 421 0.0031
32 421 0.0026
42 421 0.0020
52 421 0.0017
62 421 0.0014
72 421 0.0012
82 421 0.0011
92 421 0.0010
102 421 0.0009
112 421 0.0008
122 421 0.0008
132 421 0.0007
142 421 0.0012
152 421 0.0011
162 421 0.0011
172 421 0.0010
182 421 0.0010
192 421 0.0009
202 421 0.0009
212 421 0.0009
222 421 0.0008
232 421 0.0008
242 421 0.0008
252 421 0.0007
262 421 0.0007
272 421 0.0007
282 421 0.0009
292 421 0.0009
302 421 0.0009
312 421 0.0009
322 421 0.0008
332 421 0.0008
342 421 0.0008
352 421 0.0008
362 421 0.0008
372 421 0.0008
382 421 0.0007
392 421 0.0007
402 421 0.0007
412 421 0.0008
422 421 0.0008
432 421 0.0008
442 421 0.0008
452 421 0.0008
462 421 0.0008
472 421 0.0008
482 421 0.0008
492 421 0.0007
502 421 0.0007
2 431 0.0362
12 431 0.0056
22 431 0.0037
32 431 0.0026
42 431 0.0020
52 431 0.0016
62 431 0.0014
72 431 0.0012
82 431 0.0011
92 431 0.0010
102 431 0.0009
112 431 0.0008
122 431 0.0008
132 431 0.0007
142 431 0.0012
152 431 0.0011
162 431 0.0011
172 431 0.0010
182 431 0.0010
192 431 0.0009
202 431 0.0009
212 431 0.0008
222 431 0.0008
232 431 0.0008
242 431 0.0008
252 431 0.0007
262 431 0.0007
272 431 0.0007
282 431 0.0009
292 431 0.0009
302 431 0.0009
312 431 0.0009
322 431 0.0008
332 431 0.0008
342 431 0.0008
352 431 0.0008
362 431 0.0008
372 431 0.0007
382 431 0.0007
392 431 0.0007
402 431 0.0007
412 431 0.0008
422 431 0.0008
432 431 0.0008
442 431 0.0008
452 431 0.0008
462 431 0.0008
472 431 0.0008
482 431 0.0007
492 431 0.0007
502 431 0.0007
2 441 0.0345
12 441 0.0055
22 441 0.0037
32 441 0.0025
42 441 0.0019
52 441 0.0016
62 441 0.0013
72 441 0.0012
82 441 0.0011
92 441 0.0010
102 441 0.0009
112 441 0.0008
122 441 0.0008
132 441 0.0007
142 441 0.0012
152 441 0.0011
162 441 0.0010
172 441 0.0010
182 441 0.0009
192 441 0.0009
202 441 0.0009
212 441 0.0008
222 441 0.0008
232 441 0.0008
242 441 0.0007
252 441 0.0007
262 441 0.0007
272 441 0.0007
282 441 0.0009
292 441 0.0009
302 441 0.0009
312 441 0.0008
322 441 0.0008
332 441 0.0008
342 441 0.0008
352 441 0.0008
362 441 0.0007
372 441 0.0007
382 441 0.0007
392 441 0.0007
402 441 0.0007
412 441 0.0008
422 441 0.0008
432 441 0.0008
442 441 0.0008
452 441 0.0008
462 441 0.0008
472 441 0.0007
482 441 0.0007
492 441 0.0007
502 441 0.0007
2 451 0.0335
12 451 0.0053
22 451 0.0036
32 451 0.0025
42 451 0.0019
52 451 0.0015
62 451 0.0013
72 451 0.0012
82 451 0.0010
92 451 0.0009
102 451 0.0009
112 451 0.0008
122 451 0.0007
132 451 0.0007
142 451 0.0011
152 451 0.0011
162 451 0.0010
172 451 0.0010
182 451 0.0009
192 451 0.0009
202 451 0.0008
212 451 0.0008
222 451 0.0008
232 451 0.0008
242 451 0.0007
252 451 0.0007
262 451 0.0007
272 451 0.0007
282 451 0.0009
292 451 0.0009
302 451 0.0008
312 451 0.0008
322 451 0.0008
332 451 0.0008
342 451 0.0008
352 451 0.0007
362 451 0.0007
372 451 0.0007
382 451 0.0007
392 451 0.0007
402 451 0.0007
412 451 0.0008
422 451 0.0008
432 451 0.0008
442 451 0.0008
452 451 0.0008
462 451 0.0007
472 451 0.0007
482 451 0.0007
492 451 0.0007
502 451 0.0007
2 461 0.0333
12 461 0.0052
22 461 0.0035
32 461 0.0024
42 461 0.0019
52 461 0.0015
62 461 0.0013
72 461 0.0012
82 461 0.0010
92 461 0.0009
102 461 0.0008
112 461 0.0008
122 461 0.0007
132 461 0.0007
142 461 0.0011
152 461 0.0011
162 461 0.0010
172 461 0.0010
182 461 0.0009
192 461 0.0009
202 461 0.0008
212 461 0.0008
222 461 0.0008
232 461 0.0007
242 461 0.0007
252 461 0.0007
262 461 0.0007
272 461 0.0007
282 461 0.0009
292 461 0.0008
302 461 0.0008
312 461 0.0008
322 461 0.0008
332 461 0.0008
342 461 0.0007
352 461 0.0007
362 461 0.0007
372 461 0.0007
382 461 0.0007
392 461 0.0007
402 461 0.0007
412 461 0.0008
422 461 0.0008
432 461 0.0008
442 461 0.0008
452 461 0.0007
462 461 0.0007
472 461 0.0007
482 461 0.0007
492 461 0.0007
502 461 0.0007
2 471 0.0331
12 471 0.0051
22 471 0.0033
32 471 0.0024
42 471 0.0018
52 471 0.0015
62 471 0.0013
72 471 0.0011
82 471 0.0010
92 471 0.0009
102 471 0.0008
112 471 0.0008
122 471 0.0007
132 471 0.0007
142 471 0.0011
152 471 0.0010
162 471 0.0010
172 471 0.0009
182 471 0.0009
192 471 0.0009
202 471 0.0008
212 471 0.0008
222 471 0.0007
232 471 0.0007
242 471 0.0007
252 471 0.0007
262 471 0.0007
272 471 0.0006
282 471 0.0008
292 471 0.0008
302 471 0.0008
312 471 0.0008
322 471 0.0008
332 471 0.0007
342 471 0.0007
352 471 0.0007
362 471 0.0007
372 471 0.0007
382 471 0.0007
392 471 0.0007
402 471 0.0006
412 471 0.0008
422 471 0.0008
432 471 0.0008
442 471 0.0007
452 471 0.0007
462 471 0.0007
472 471 0.0007
482 471 0.0007
492 471 0.0007
502 471 0.0007
2 481 0.0321
12 481 0.0050
22 481 0.0034
32 481 0.0023
42 481 0.0018
52 481 0.0015
62 481 0.0012
72 481 0.0011
82 481 0.0010
92 481 0.0009
102 481 0.0008
112 481 0.0008
122 481 0.0007
132 481 0.0007
142 481 0.0011
152 481 0.0010
162 481 0.0010
172 481 0.0009
182 481 0.0009
192 481 0.0008
202 481 0.0008
212 481 0.0008
222 481 0.0007
232 481 0.0007
242 481 0.0007
252 481 0.0007
262 481 0.0007
272 481 0.0006
282 481 0.0008
292 481 0.0008
302 481 0.0008
312 481 0.0008
322 481 0.0008
332 481 0.0007
342 481 0.0007
352 481 0.0007
362 481 0.0007
372 481 0.0007
382 481 0.0007
392 481 0.0007
402 481 0.0006
412 481 0.0008
422 481 0.0007
432 481 0.0006
442 481 0.0006
452 481 0.0006
462 481 0.0006
472 481 0.0007
482 481 0.0007
492 481 0.0007
502 481 0.0007
2 491 0.0309
12 491 0.0049
22 491 0.0033
32 491 0.0019
42 491 0.0015
52 491 0.0012
62 491 0.0010
72 491 0.0009
82 491 0.0010
92 491 0.0009
102 491 0.0008
112 491 0.0008
122 491 0.0007
132 491 0.0007
142 491 0.0011
152 491 0.0010
162 491 0.0009
172 491 0.0009
182 491 0.0009
192 491 0.0008
202 491 0.0008
212 491 0.0008
222 491 0.0007
232 491 0.0007
242 491 0.0007
252 491 0.0007
262 491 0.0007
272 491 0.0006
282 491 0.0008
292 491 0.0008
302 491 0.0008
312 491 0.0008
322 491 0.0007
332 491 0.0007
342 491 0.0007
352 491 0.0007
362 491 0.0007
372 491 0.0007
382 491 0.0006
392 491 0.0006
402 491 0.0006
412 491 0.0007
422 491 0.0007
432 491 0.0007
442 491 0.0007
452 491 0.0007
462 491 0.0006
472 491 0.0006
482 491 0.0006
492 491 0.0006
502 491 0.0007
2 501 0.0299
12 501 0.0048
22 501 0.0032
32 501 0.0022
42 501 0.0017
52 501 0.0014
62 501 0.0012
72 501 0.0011
82 501 0.0010
92 501 0.0009
102 501 0.0008
112 501 0.0007
122 501 0.0007
132 501 0.0006
142 501 0.0010
152 501 0.0010
162 501 0.0009
172 501 0.0009
182 501 0.0008
192 501 0.0008
202 501 0.0008
212 501 0.0007
222 501 0.0007
232 501 0.0007
242 501 0.0007
252 501 0.0007
262 501 0.0006
272 501 0.0006
282 501 0.0008
292 501 0.0008
302 501 0.0008
312 501 0.0007
322 501 0.0006
332 501 0.0006
342 501 0.0006
352 501 0.0007
362 501 0.0007
372 501 0.0007
382 501 0.0006
392 501 0.0006
402 501 0.0006
412 501 0.0007
422 501 0.0007
432 501 0.0007
442 501 0.0007
452 501 0.0007
462 501 0.0007
472 501 0.0007
482 501 0.0007
492 501 0.0006
502 501 0.0006
2 511 0.0308
12 511 0.0047
22 511 0.0053
32 511 0.0018
42 511 0.0014
52 511 0.0012
62 511 0.0010
72 511 0.0011
82 511 0.0009
92 511 0.0009
102 511 0.0007
112 511 0.0006
122 511 0.0006
132 511 0.0006
142 511 0.0009
152 511 0.0010
162 511 0.0009
172 511 0.0007
182 511 0.0007
192 511 0.0007
202 511 0.0007
212 511 0.0007
222 511 0.0007
232 511 0.0007
242 511 0.0007
252 511 0.0006
262 511 0.0006
272 511 0.0006
282 511 0.0008
292 511 0.0007
302 511 0.0007
312 511 0.0007
322 511 0.0006
332 511 0.0006
342 511 0.0007
352 511 0.0006
362 511 0.0006
372 511 0.0006
382 511 0.0005
392 511 0.0005
402 511 0.0006
412 511 0.0007
422 511 0.0007
432 511 0.0007
442 511 0.0007
452 511 0.0007
462 511 0.0007
472 511 0.0007
482 511 0.0006
492 511 0.0006
502 511 0.0006